# Replicate 0 - Input 1
0 533679.125000 0.061180 0.889000 0.111000 0.000000 0.000000 0.000000 0.000000
1 533679.062500 0.103333 0.802557 0.209679 0.000000 0.000000 0.000000 0.000000
2 533679.000000 0.131767 0.734140 0.298763 0.000000 0.000000 0.000000 0.000000
3 533678.937500 0.150328 0.679004 0.380252 0.000000 0.000000 0.000000 0.000000
4 533678.875000 0.161804 0.633700 0.455622 0.000000 0.000000 0.000000 0.000000
5 533678.875000 0.168213 0.595720 0.525962 0.000000 0.000000 0.000000 0.000000
6 533678.812500 0.171016 0.563237 0.592087 0.000000 0.000000 0.000000 0.000000
7 533678.812500 0.171272 0.534921 0.654607 0.000000 0.000000 0.000000 0.000000
8 533678.750000 0.169744 0.509799 0.713983 0.000000 0.000000 0.000000 0.000000
9 533678.687500 0.166984 0.487160 0.770571 0.000000 0.000000 0.000000 0.000000
10 533678.687500 0.163392 0.466482 0.824645 0.000000 0.000000 0.000000 0.000000
11 533678.687500 0.159253 0.447381 0.876425 0.000000 0.000000 0.000000 0.000000
12 533678.687500 0.154773 0.429573 0.926084 0.000000 0.000000 0.000000 0.000000
13 533678.625000 0.150100 0.412845 0.973767 0.000000 0.000000 0.000000 0.000000
14 533678.625000 0.145337 0.397039 1.019593 0.000000 0.000000 0.000000 0.000000
15 533678.625000 0.140561 0.382035 1.063664 0.000000 0.000000 0.000000 0.000000
16 533678.625000 0.135821 0.367741 1.106070 0.000000 0.000000 0.000000 0.000000
17 533678.562500 0.131155 0.354086 1.146889 0.000000 0.000000 0.000000 0.000000
18 533678.562500 0.126587 0.341014 1.186193 0.000000 0.000000 0.000000 0.000000
19 533678.562500 0.122133 0.328479 1.224045 0.000000 0.000000 0.000000 0.000000
20 533678.562500 0.117803 0.316444 1.260506 0.000000 0.000000 0.000000 0.000000
21 533678.562500 0.113602 0.304879 1.295632 0.000000 0.000000 0.000000 0.000000
22 533678.562500 0.109534 0.293758 1.329473 0.000000 0.000000 0.000000 0.000000
23 533678.562500 0.105599 0.283058 1.362080 0.000000 0.000000 0.000000 0.000000
24 533678.562500 0.101797 0.272758 1.393500 0.000000 0.000000 0.000000 0.000000
25 533678.562500 0.098125 0.262842 1.423776 0.000000 0.000000 0.000000 0.000000
26 533678.562500 0.094581 0.253291 1.452951 0.000000 0.000000 0.000000 0.000000
27 533678.562500 0.091161 0.244092 1.481067 0.000000 0.000000 0.000000 0.000000
28 533678.562500 0.087862 0.235230 1.508161 0.000000 0.000000 0.000000 0.000000
29 533678.562500 0.084681 0.226692 1.534271 0.000000 0.000000 0.000000 0.000000
30 533678.562500 0.081614 0.218465 1.559434 0.000000 0.000000 0.000000 0.000000
31 533678.562500 0.078657 0.210538 1.583684 0.000000 0.000000 0.000000 0.000000
32 533678.562500 0.075806 0.202900 1.607054 0.000000 0.000000 0.000000 0.000000
33 533678.562500 0.073058 0.195539 1.629576 0.000000 0.000000 0.000000 0.000000
34 533678.562500 0.070410 0.188446 1.651280 0.000000 0.000000 0.000000 0.000000
35 533678.562500 0.067857 0.181610 1.672198 0.000000 0.000000 0.000000 0.000000
36 533678.562500 0.065396 0.175023 1.692357 0.000000 0.000000 0.000000 0.000000
37 533678.562500 0.063025 0.168675 1.711784 0.000000 0.000000 0.000000 0.000000
38 533678.562500 0.060739 0.162557 1.730507 0.000000 0.000000 0.000000 0.000000
39 533678.562500 0.058537 0.156661 1.748551 0.000000 0.000000 0.000000 0.000000
40 533678.562500 0.056414 0.150979 1.765940 0.000000 0.000000 0.000000 0.000000
41 533678.562500 0.054368 0.145503 1.782699 0.000000 0.000000 0.000000 0.000000
42 533678.562500 0.052396 0.140226 1.798850 0.000000 0.000000 0.000000 0.000000
43 533678.562500 0.050496 0.135140 1.814415 0.000000 0.000000 0.000000 0.000000
44 533678.562500 0.048665 0.130239 1.829415 0.000000 0.000000 0.000000 0.000000
45 533678.562500 0.046900 0.125515 1.843872 0.000000 0.000000 0.000000 0.000000
46 533678.562500 0.045199 0.120963 1.857804 0.000000 0.000000 0.000000 0.000000
47 533678.562500 0.043559 0.116576 1.871231 0.000000 0.000000 0.000000 0.000000
48 533678.562500 0.041980 0.112348 1.884171 0.000000 0.000000 0.000000 0.000000
49 533678.562500 0.040457 0.108273 1.896641 0.000000 0.000000 0.000000 0.000000
50 533678.562500 0.038990 0.104346 1.908660 0.000000 0.000000 0.000000 0.000000
51 533678.562500 0.037576 0.100562 1.920242 0.000000 0.000000 0.000000 0.000000
52 533678.562500 0.036213 0.096914 1.931404 0.000000 0.000000 0.000000 0.000000
53 533678.562500 0.034900 0.093400 1.942162 0.000000 0.000000 0.000000 0.000000
54 533678.562500 0.033634 0.090012 1.952529 0.000000 0.000000 0.000000 0.000000
55 533678.562500 0.032414 0.086748 1.962521 0.000000 0.000000 0.000000 0.000000
56 533678.562500 0.031238 0.083601 1.972150 0.000000 0.000000 0.000000 0.000000
57 533678.562500 0.030105 0.080569 1.981429 0.000000 0.000000 0.000000 0.000000
58 533678.562500 0.029014 0.077647 1.990373 0.000000 0.000000 0.000000 0.000000
59 533678.562500 0.027961 0.074831 1.998991 0.000000 0.000000 0.000000 0.000000
60 533678.562500 0.026947 0.072117 2.007298 0.000000 0.000000 0.000000 0.000000
61 533678.562500 0.025970 0.069502 2.015303 0.000000 0.000000 0.000000 0.000000
62 533678.562500 0.025028 0.066981 2.023017 0.000000 0.000000 0.000000 0.000000
63 533678.562500 0.024120 0.064552 2.030452 0.000000 0.000000 0.000000 0.000000
64 533678.562500 0.023245 0.062210 2.037617 0.000000 0.000000 0.000000 0.000000
65 533678.562500 0.022402 0.059954 2.044523 0.000000 0.000000 0.000000 0.000000
66 533678.562500 0.021590 0.057780 2.051178 0.000000 0.000000 0.000000 0.000000
67 533678.562500 0.020807 0.055684 2.057591 0.000000 0.000000 0.000000 0.000000
68 533678.562500 0.020052 0.053665 2.063772 0.000000 0.000000 0.000000 0.000000
69 533678.562500 0.019325 0.051718 2.069729 0.000000 0.000000 0.000000 0.000000
70 533678.562500 0.018624 0.049843 2.075470 0.000000 0.000000 0.000000 0.000000
71 533678.562500 0.017949 0.048035 2.081002 0.000000 0.000000 0.000000 0.000000
72 533678.562500 0.017298 0.046293 2.086334 0.000000 0.000000 0.000000 0.000000
73 533678.562500 0.016670 0.044614 2.091473 0.000000 0.000000 0.000000 0.000000
74 533678.562500 0.016066 0.042996 2.096425 0.000000 0.000000 0.000000 0.000000
75 533678.562500 0.015483 0.041436 2.101197 0.000000 0.000000 0.000000 0.000000
76 533678.562500 0.014921 0.039933 2.105797 0.000000 0.000000 0.000000 0.000000
77 533678.562500 0.014380 0.038485 2.110229 0.000000 0.000000 0.000000 0.000000
78 533678.562500 0.013859 0.037089 2.114501 0.000000 0.000000 0.000000 0.000000
79 533678.562500 0.013356 0.035744 2.118618 0.000000 0.000000 0.000000 0.000000
80 533678.562500 0.012872 0.034448 2.122586 0.000000 0.000000 0.000000 0.000000
81 533678.562500 0.012405 0.033198 2.126410 0.000000 0.000000 0.000000 0.000000
82 533678.562500 0.011955 0.031994 2.130094 0.000000 0.000000 0.000000 0.000000
83 533678.562500 0.011521 0.030834 2.133646 0.000000 0.000000 0.000000 0.000000
84 533678.562500 0.011104 0.029716 2.137068 0.000000 0.000000 0.000000 0.000000
85 533678.562500 0.010701 0.028638 2.140367 0.000000 0.000000 0.000000 0.000000
86 533678.562500 0.010313 0.027599 2.143546 0.000000 0.000000 0.000000 0.000000
87 533678.562500 0.009939 0.026598 2.146609 0.000000 0.000000 0.000000 0.000000
88 533678.562500 0.009578 0.025634 2.149561 0.000000 0.000000 0.000000 0.000000
89 533678.562500 0.009231 0.024704 2.152407 0.000000 0.000000 0.000000 0.000000
90 533678.562500 0.008896 0.023808 2.155149 0.000000 0.000000 0.000000 0.000000
91 533678.562500 0.008573 0.022945 2.157792 0.000000 0.000000 0.000000 0.000000
92 533678.562500 0.008262 0.022112 2.160338 0.000000 0.000000 0.000000 0.000000
93 533678.562500 0.007963 0.021310 2.162793 0.000000 0.000000 0.000000 0.000000
94 533678.562500 0.007674 0.020538 2.165159 0.000000 0.000000 0.000000 0.000000
95 533678.562500 0.007396 0.019793 2.167438 0.000000 0.000000 0.000000 0.000000
96 533678.562500 0.007127 0.019075 2.169635 0.000000 0.000000 0.000000 0.000000
97 533678.562500 0.006869 0.018383 2.171752 0.000000 0.000000 0.000000 0.000000
98 533678.562500 0.006620 0.017716 2.173793 0.000000 0.000000 0.000000 0.000000
99 533678.562500 0.006380 0.017074 2.175760 0.000000 0.000000 0.000000 0.000000
100 533678.562500 0.006148 0.016455 2.177655 0.000000 0.000000 0.000000 0.000000
101 533678.562500 0.005925 0.015858 2.179481 0.000000 0.000000 0.000000 0.000000
102 533678.562500 0.005710 0.015283 2.181241 0.000000 0.000000 0.000000 0.000000
103 533678.562500 0.005503 0.014728 2.182938 0.000000 0.000000 0.000000 0.000000
104 533678.562500 0.005304 0.014194 2.184572 0.000000 0.000000 0.000000 0.000000
105 533678.562500 0.005111 0.013679 2.186148 0.000000 0.000000 0.000000 0.000000
106 533678.562500 0.004926 0.013183 2.187666 0.000000 0.000000 0.000000 0.000000
107 533678.562500 0.004747 0.012705 2.189130 0.000000 0.000000 0.000000 0.000000
108 533678.562500 0.004575 0.012244 2.190540 0.000000 0.000000 0.000000 0.000000
109 533678.562500 0.004409 0.011800 2.191899 0.000000 0.000000 0.000000 0.000000
110 533678.562500 0.004249 0.011372 2.193209 0.000000 0.000000 0.000000 0.000000
111 533678.562500 0.004095 0.010960 2.194471 0.000000 0.000000 0.000000 0.000000
112 533678.562500 0.003947 0.010562 2.195688 0.000000 0.000000 0.000000 0.000000
113 533678.562500 0.003804 0.010179 2.196860 0.000000 0.000000 0.000000 0.000000
114 533678.562500 0.003666 0.009810 2.197990 0.000000 0.000000 0.000000 0.000000
115 533678.562500 0.003533 0.009454 2.199079 0.000000 0.000000 0.000000 0.000000
116 533678.562500 0.003405 0.009111 2.200129 0.000000 0.000000 0.000000 0.000000
117 533678.562500 0.003281 0.008781 2.201140 0.000000 0.000000 0.000000 0.000000
118 533678.562500 0.003162 0.008462 2.202115 0.000000 0.000000 0.000000 0.000000
119 533678.562500 0.003047 0.008156 2.203054 0.000000 0.000000 0.000000 0.000000
120 533678.562500 0.002937 0.007860 2.203959 0.000000 0.000000 0.000000 0.000000
121 533678.562500 0.002830 0.007575 2.204832 0.000000 0.000000 0.000000 0.000000
122 533678.562500 0.002728 0.007300 2.205672 0.000000 0.000000 0.000000 0.000000
123 533678.562500 0.002629 0.007035 2.206482 0.000000 0.000000 0.000000 0.000000
124 533678.562500 0.002533 0.006780 2.207263 0.000000 0.000000 0.000000 0.000000
125 533678.562500 0.002442 0.006534 2.208016 0.000000 0.000000 0.000000 0.000000
126 533678.562500 0.002353 0.006297 2.208741 0.000000 0.000000 0.000000 0.000000
127 533678.562500 0.002268 0.006069 2.209440 0.000000 0.000000 0.000000 0.000000
128 533678.562500 0.002185 0.005849 2.210114 0.000000 0.000000 0.000000 0.000000
129 533678.562500 0.002106 0.005637 2.210763 0.000000 0.000000 0.000000 0.000000
130 533678.562500 0.002030 0.005432 2.211389 0.000000 0.000000 0.000000 0.000000
131 533678.562500 0.001956 0.005235 2.211992 0.000000 0.000000 0.000000 0.000000
132 533678.562500 0.001885 0.005045 2.212573 0.000000 0.000000 0.000000 0.000000
133 533678.562500 0.001817 0.004862 2.213133 0.000000 0.000000 0.000000 0.000000
134 533678.562500 0.001751 0.004686 2.213672 0.000000 0.000000 0.000000 0.000000
135 533678.562500 0.001687 0.004516 2.214193 0.000000 0.000000 0.000000 0.000000
136 533678.562500 0.001626 0.004352 2.214694 0.000000 0.000000 0.000000 0.000000
137 533678.562500 0.001567 0.004194 2.215177 0.000000 0.000000 0.000000 0.000000
138 533678.562500 0.001510 0.004042 2.215642 0.000000 0.000000 0.000000 0.000000
139 533678.562500 0.001456 0.003896 2.216091 0.000000 0.000000 0.000000 0.000000
140 533678.562500 0.001403 0.003754 2.216524 0.000000 0.000000 0.000000 0.000000
141 533678.562500 0.001352 0.003618 2.216940 0.000000 0.000000 0.000000 0.000000
142 533678.562500 0.001303 0.003487 2.217342 0.000000 0.000000 0.000000 0.000000
143 533678.562500 0.001256 0.003360 2.217729 0.000000 0.000000 0.000000 0.000000
144 533678.562500 0.001210 0.003239 2.218102 0.000000 0.000000 0.000000 0.000000
145 533678.562500 0.001166 0.003121 2.218462 0.000000 0.000000 0.000000 0.000000
146 533678.562500 0.001124 0.003008 2.218808 0.000000 0.000000 0.000000 0.000000
147 533678.562500 0.001083 0.002899 2.219142 0.000000 0.000000 0.000000 0.000000
148 533678.562500 0.001044 0.002794 2.219464 0.000000 0.000000 0.000000 0.000000
149 533678.562500 0.001006 0.002692 2.219774 0.000000 0.000000 0.000000 0.000000
150 533678.562500 0.000970 0.002595 2.220073 0.000000 0.000000 0.000000 0.000000
151 533678.562500 0.000934 0.002501 2.220361 0.000000 0.000000 0.000000 0.000000
152 533678.562500 0.000900 0.002410 2.220638 0.000000 0.000000 0.000000 0.000000
153 533678.562500 0.000868 0.002323 2.220906 0.000000 0.000000 0.000000 0.000000
154 533678.562500 0.000836 0.002238 2.221164 0.000000 0.000000 0.000000 0.000000
155 533678.562500 0.000806 0.002157 2.221412 0.000000 0.000000 0.000000 0.000000
156 533678.562500 0.000777 0.002079 2.221652 0.000000 0.000000 0.000000 0.000000
157 533678.562500 0.000749 0.002003 2.221882 0.000000 0.000000 0.000000 0.000000
158 533678.562500 0.000721 0.001931 2.222105 0.000000 0.000000 0.000000 0.000000
159 533678.562500 0.000695 0.001861 2.222319 0.000000 0.000000 0.000000 0.000000
160 533678.562500 0.000670 0.001793 2.222526 0.000000 0.000000 0.000000 0.000000
161 533678.562500 0.000646 0.001728 2.222724 0.000000 0.000000 0.000000 0.000000
162 533678.562500 0.000622 0.001666 2.222916 0.000000 0.000000 0.000000 0.000000
163 533678.562500 0.000600 0.001605 2.223101 0.000000 0.000000 0.000000 0.000000
164 533678.562500 0.000578 0.001547 2.223279 0.000000 0.000000 0.000000 0.000000
165 533678.562500 0.000557 0.001491 2.223451 0.000000 0.000000 0.000000 0.000000
166 533678.562500 0.000537 0.001437 2.223617 0.000000 0.000000 0.000000 0.000000
167 533678.562500 0.000517 0.001385 2.223776 0.000000 0.000000 0.000000 0.000000
168 533678.562500 0.000499 0.001334 2.223930 0.000000 0.000000 0.000000 0.000000
169 533678.562500 0.000481 0.001286 2.224078 0.000000 0.000000 0.000000 0.000000
170 533678.562500 0.000463 0.001239 2.224221 0.000000 0.000000 0.000000 0.000000
171 533678.562500 0.000446 0.001194 2.224359 0.000000 0.000000 0.000000 0.000000
172 533678.562500 0.000430 0.001151 2.224491 0.000000 0.000000 0.000000 0.000000
173 533678.562500 0.000415 0.001109 2.224619 0.000000 0.000000 0.000000 0.000000
174 533678.562500 0.000400 0.001069 2.224742 0.000000 0.000000 0.000000 0.000000
175 533678.562500 0.000385 0.001030 2.224861 0.000000 0.000000 0.000000 0.000000
176 533678.562500 0.000371 0.000993 2.224975 0.000000 0.000000 0.000000 0.000000
177 533678.562500 0.000358 0.000957 2.225085 0.000000 0.000000 0.000000 0.000000
178 533678.562500 0.000345 0.000922 2.225192 0.000000 0.000000 0.000000 0.000000
179 533678.562500 0.000332 0.000889 2.225294 0.000000 0.000000 0.000000 0.000000
180 533678.562500 0.000320 0.000857 2.225392 0.000000 0.000000 0.000000 0.000000
181 533678.562500 0.000308 0.000826 2.225488 0.000000 0.000000 0.000000 0.000000
182 533678.562500 0.000297 0.000796 2.225579 0.000000 0.000000 0.000000 0.000000
183 533678.562500 0.000286 0.000767 2.225667 0.000000 0.000000 0.000000 0.000000
184 533678.562500 0.000276 0.000739 2.225753 0.000000 0.000000 0.000000 0.000000
185 533678.562500 0.000266 0.000712 2.225835 0.000000 0.000000 0.000000 0.000000
186 533678.562500 0.000256 0.000686 2.225914 0.000000 0.000000 0.000000 0.000000
187 533678.562500 0.000247 0.000661 2.225990 0.000000 0.000000 0.000000 0.000000
188 533678.562500 0.000238 0.000637 2.226063 0.000000 0.000000 0.000000 0.000000
189 533678.562500 0.000230 0.000614 2.226134 0.000000 0.000000 0.000000 0.000000
190 533678.562500 0.000221 0.000592 2.226202 0.000000 0.000000 0.000000 0.000000
191 533678.562500 0.000213 0.000571 2.226268 0.000000 0.000000 0.000000 0.000000
192 533678.562500 0.000205 0.000550 2.226331 0.000000 0.000000 0.000000 0.000000
193 533678.562500 0.000198 0.000530 2.226392 0.000000 0.000000 0.000000 0.000000
194 533678.562500 0.000191 0.000511 2.226451 0.000000 0.000000 0.000000 0.000000
195 533678.562500 0.000184 0.000492 2.226508 0.000000 0.000000 0.000000 0.000000
196 533678.562500 0.000177 0.000474 2.226562 0.000000 0.000000 0.000000 0.000000
197 533678.562500 0.000171 0.000457 2.226615 0.000000 0.000000 0.000000 0.000000
198 533678.562500 0.000165 0.000441 2.226666 0.000000 0.000000 0.000000 0.000000
199 533678.562500 0.000159 0.000425 2.226715 0.000000 0.000000 0.000000 0.000000
200 533678.562500 0.000153 0.000409 2.226762 0.000000 0.000000 0.000000 0.000000
201 533678.562500 0.000147 0.000394 2.226807 0.000000 0.000000 0.000000 0.000000
202 533678.562500 0.000142 0.000380 2.226851 0.000000 0.000000 0.000000 0.000000
203 533678.562500 0.000137 0.000366 2.226893 0.000000 0.000000 0.000000 0.000000
204 533678.562500 0.000132 0.000353 2.226934 0.000000 0.000000 0.000000 0.000000
205 533678.562500 0.000127 0.000340 2.226973 0.000000 0.000000 0.000000 0.000000
206 533678.562500 0.000122 0.000328 2.227011 0.000000 0.000000 0.000000 0.000000
207 533678.562500 0.000118 0.000316 2.227047 0.000000 0.000000 0.000000 0.000000
208 533678.562500 0.000114 0.000304 2.227082 0.000000 0.000000 0.000000 0.000000
209 533678.562500 0.000110 0.000293 2.227116 0.000000 0.000000 0.000000 0.000000
210 533678.562500 0.000106 0.000283 2.227149 0.000000 0.000000 0.000000 0.000000
211 533678.562500 0.000102 0.000273 2.227180 0.000000 0.000000 0.000000 0.000000
212 533678.562500 0.000098 0.000263 2.227210 0.000000 0.000000 0.000000 0.000000
213 533678.562500 0.000095 0.000253 2.227239 0.000000 0.000000 0.000000 0.000000
214 533678.562500 0.000091 0.000244 2.227267 0.000000 0.000000 0.000000 0.000000
215 533678.562500 0.000088 0.000235 2.227294 0.000000 0.000000 0.000000 0.000000
216 533678.562500 0.000085 0.000227 2.227320 0.000000 0.000000 0.000000 0.000000
217 533678.562500 0.000082 0.000218 2.227346 0.000000 0.000000 0.000000 0.000000
218 533678.562500 0.000079 0.000210 2.227370 0.000000 0.000000 0.000000 0.000000
219 533678.562500 0.000076 0.000203 2.227393 0.000000 0.000000 0.000000 0.000000
220 533678.562500 0.000073 0.000195 2.227416 0.000000 0.000000 0.000000 0.000000
221 533678.562500 0.000070 0.000188 2.227437 0.000000 0.000000 0.000000 0.000000
222 533678.562500 0.000068 0.000182 2.227458 0.000000 0.000000 0.000000 0.000000
223 533678.562500 0.000065 0.000175 2.227479 0.000000 0.000000 0.000000 0.000000
224 533678.562500 0.000063 0.000169 2.227498 0.000000 0.000000 0.000000 0.000000
225 533678.562500 0.000061 0.000162 2.227517 0.000000 0.000000 0.000000 0.000000
226 533678.562500 0.000059 0.000157 2.227535 0.000000 0.000000 0.000000 0.000000
227 533678.562500 0.000056 0.000151 2.227552 0.000000 0.000000 0.000000 0.000000
228 533678.562500 0.000054 0.000145 2.227569 0.000000 0.000000 0.000000 0.000000
229 533678.562500 0.000052 0.000140 2.227585 0.000000 0.000000 0.000000 0.000000
230 533678.562500 0.000050 0.000135 2.227600 0.000000 0.000000 0.000000 0.000000
231 533678.562500 0.000049 0.000130 2.227615 0.000000 0.000000 0.000000 0.000000
232 533678.562500 0.000047 0.000125 2.227630 0.000000 0.000000 0.000000 0.000000
233 533678.562500 0.000045 0.000121 2.227644 0.000000 0.000000 0.000000 0.000000
234 533678.562500 0.000044 0.000117 2.227657 0.000000 0.000000 0.000000 0.000000
235 533678.562500 0.000042 0.000112 2.227670 0.000000 0.000000 0.000000 0.000000
236 533678.562500 0.000040 0.000108 2.227683 0.000000 0.000000 0.000000 0.000000
237 533678.562500 0.000039 0.000104 2.227695 0.000000 0.000000 0.000000 0.000000
238 533678.562500 0.000038 0.000101 2.227706 0.000000 0.000000 0.000000 0.000000
239 533678.562500 0.000036 0.000097 2.227717 0.000000 0.000000 0.000000 0.000000
240 533678.562500 0.000035 0.000093 2.227728 0.000000 0.000000 0.000000 0.000000
241 533678.562500 0.000034 0.000090 2.227738 0.000000 0.000000 0.000000 0.000000
242 533678.562500 0.000032 0.000087 2.227748 0.000000 0.000000 0.000000 0.000000
243 533678.562500 0.000031 0.000084 2.227758 0.000000 0.000000 0.000000 0.000000
244 533678.562500 0.000030 0.000081 2.227767 0.000000 0.000000 0.000000 0.000000
245 533678.562500 0.000029 0.000078 2.227776 0.000000 0.000000 0.000000 0.000000
246 533678.562500 0.000028 0.000075 2.227785 0.000000 0.000000 0.000000 0.000000
247 533678.562500 0.000027 0.000072 2.227793 0.000000 0.000000 0.000000 0.000000
248 533678.562500 0.000026 0.000069 2.227801 0.000000 0.000000 0.000000 0.000000
249 533678.562500 0.000025 0.000067 2.227809 0.000000 0.000000 0.000000 0.000000
250 533678.562500 0.000024 0.000065 2.227816 0.000000 0.000000 0.000000 0.000000
251 533678.562500 0.000023 0.000062 2.227823 0.000000 0.000000 0.000000 0.000000
252 533678.562500 0.000022 0.000060 2.227830 0.000000 0.000000 0.000000 0.000000
253 533678.562500 0.000022 0.000058 2.227837 0.000000 0.000000 0.000000 0.000000
254 533678.562500 0.000021 0.000056 2.227843 0.000000 0.000000 0.000000 0.000000
255 533678.562500 0.000020 0.000054 2.227849 0.000000 0.000000 0.000000 0.000000
256 533678.562500 0.000019 0.000052 2.227855 0.000000 0.000000 0.000000 0.000000
257 533678.562500 0.000019 0.000050 2.227861 0.000000 0.000000 0.000000 0.000000
258 533678.562500 0.000018 0.000048 2.227867 0.000000 0.000000 0.000000 0.000000
259 533678.562500 0.000017 0.000046 2.227872 0.000000 0.000000 0.000000 0.000000
260 533678.562500 0.000017 0.000045 2.227877 0.000000 0.000000 0.000000 0.000000
261 533678.562500 0.000016 0.000043 2.227882 0.000000 0.000000 0.000000 0.000000
262 533678.562500 0.000015 0.000041 2.227887 0.000000 0.000000 0.000000 0.000000
263 533678.562500 0.000015 0.000040 2.227891 0.000000 0.000000 0.000000 0.000000
264 533678.562500 0.000014 0.000038 2.227896 0.000000 0.000000 0.000000 0.000000
265 533678.562500 0.000014 0.000037 2.227900 0.000000 0.000000 0.000000 0.000000
266 533678.562500 0.000013 0.000036 2.227904 0.000000 0.000000 0.000000 0.000000
267 533678.562500 0.000013 0.000034 2.227908 0.000000 0.000000 0.000000 0.000000
268 533678.562500 0.000012 0.000033 2.227912 0.000000 0.000000 0.000000 0.000000
269 533678.562500 0.000012 0.000032 2.227916 0.000000 0.000000 0.000000 0.000000
270 533678.562500 0.000012 0.000031 2.227919 0.000000 0.000000 0.000000 0.000000
271 533678.562500 0.000011 0.000030 2.227922 0.000000 0.000000 0.000000 0.000000
272 533678.562500 0.000011 0.000029 2.227926 0.000000 0.000000 0.000000 0.000000
273 533678.562500 0.000010 0.000028 2.227929 0.000000 0.000000 0.000000 0.000000
274 533678.562500 0.000010 0.000027 2.227932 0.000000 0.000000 0.000000 0.000000
275 533678.562500 0.000010 0.000026 2.227935 0.000000 0.000000 0.000000 0.000000
276 533678.562500 0.000009 0.000025 2.227938 0.000000 0.000000 0.000000 0.000000
277 533678.562500 0.000009 0.000024 2.227941 0.000000 0.000000 0.000000 0.000000
278 533678.562500 0.000009 0.000023 2.227943 0.000000 0.000000 0.000000 0.000000
279 533678.562500 0.000008 0.000022 2.227946 0.000000 0.000000 0.000000 0.000000
280 533678.562500 0.000008 0.000021 2.227948 0.000000 0.000000 0.000000 0.000000
281 533678.562500 0.000008 0.000021 2.227951 0.000000 0.000000 0.000000 0.000000
282 533678.562500 0.000007 0.000020 2.227953 0.000000 0.000000 0.000000 0.000000
283 533678.562500 0.000007 0.000019 2.227955 0.000000 0.000000 0.000000 0.000000
284 533678.562500 0.000007 0.000018 2.227957 0.000000 0.000000 0.000000 0.000000
285 533678.562500 0.000007 0.000018 2.227959 0.000000 0.000000 0.000000 0.000000
286 533678.562500 0.000006 0.000017 2.227961 0.000000 0.000000 0.000000 0.000000
287 533678.562500 0.000006 0.000016 2.227963 0.000000 0.000000 0.000000 0.000000
288 533678.562500 0.000006 0.000016 2.227965 0.000000 0.000000 0.000000 0.000000
289 533678.562500 0.000006 0.000015 2.227967 0.000000 0.000000 0.000000 0.000000
290 533678.562500 0.000006 0.000015 2.227968 0.000000 0.000000 0.000000 0.000000
291 533678.562500 0.000005 0.000014 2.227970 0.000000 0.000000 0.000000 0.000000
292 533678.562500 0.000005 0.000014 2.227972 0.000000 0.000000 0.000000 0.000000
293 533678.562500 0.000005 0.000013 2.227973 0.000000 0.000000 0.000000 0.000000
294 533678.562500 0.000005 0.000013 2.227975 0.000000 0.000000 0.000000 0.000000
295 533678.562500 0.000005 0.000012 2.227976 0.000000 0.000000 0.000000 0.000000
296 533678.562500 0.000004 0.000012 2.227977 0.000000 0.000000 0.000000 0.000000
297 533678.562500 0.000004 0.000011 2.227979 0.000000 0.000000 0.000000 0.000000
298 533678.562500 0.000004 0.000011 2.227980 0.000000 0.000000 0.000000 0.000000
299 533678.562500 0.000004 0.000011 2.227981 0.000000 0.000000 0.000000 0.000000
300 533678.562500 0.000004 0.000010 2.227982 0.000000 0.000000 0.000000 0.000000
301 533678.562500 0.000004 0.000010 2.227983 0.000000 0.000000 0.000000 0.000000
302 533678.562500 0.000004 0.000009 2.227984 0.000000 0.000000 0.000000 0.000000
303 533678.562500 0.000003 0.000009 2.227986 0.000000 0.000000 0.000000 0.000000
304 533678.562500 0.000003 0.000009 2.227986 0.000000 0.000000 0.000000 0.000000
305 533678.562500 0.000003 0.000008 2.227988 0.000000 0.000000 0.000000 0.000000
306 533678.562500 0.000003 0.000008 2.227988 0.000000 0.000000 0.000000 0.000000
307 533678.562500 0.000003 0.000008 2.227989 0.000000 0.000000 0.000000 0.000000
308 533678.562500 0.000003 0.000008 2.227990 0.000000 0.000000 0.000000 0.000000
309 533678.562500 0.000003 0.000007 2.227991 0.000000 0.000000 0.000000 0.000000
310 533678.562500 0.000003 0.000007 2.227992 0.000000 0.000000 0.000000 0.000000
311 533678.562500 0.000003 0.000007 2.227993 0.000000 0.000000 0.000000 0.000000
312 533678.562500 0.000002 0.000007 2.227993 0.000000 0.000000 0.000000 0.000000
313 533678.562500 0.000002 0.000006 2.227994 0.000000 0.000000 0.000000 0.000000
314 533678.562500 0.000002 0.000006 2.227995 0.000000 0.000000 0.000000 0.000000
315 533678.562500 0.000002 0.000006 2.227995 0.000000 0.000000 0.000000 0.000000
316 533678.562500 0.000002 0.000006 2.227996 0.000000 0.000000 0.000000 0.000000
317 533678.562500 0.000002 0.000005 2.227997 0.000000 0.000000 0.000000 0.000000
318 533678.562500 0.000002 0.000005 2.227997 0.000000 0.000000 0.000000 0.000000
319 533678.562500 0.000002 0.000005 2.227998 0.000000 0.000000 0.000000 0.000000
320 533678.562500 0.000002 0.000005 2.227998 0.000000 0.000000 0.000000 0.000000
321 533678.562500 0.000002 0.000005 2.227999 0.000000 0.000000 0.000000 0.000000
322 533678.562500 0.000002 0.000005 2.228000 0.000000 0.000000 0.000000 0.000000
323 533678.562500 0.000002 0.000004 2.228000 0.000000 0.000000 0.000000 0.000000
324 533678.562500 0.000002 0.000004 2.228001 0.000000 0.000000 0.000000 0.000000
325 533678.562500 0.000002 0.000004 2.228001 0.000000 0.000000 0.000000 0.000000
326 533678.562500 0.000001 0.000004 2.228002 0.000000 0.000000 0.000000 0.000000
327 533678.562500 0.000001 0.000004 2.228002 0.000000 0.000000 0.000000 0.000000
328 533678.562500 0.000001 0.000004 2.228003 0.000000 0.000000 0.000000 0.000000
329 533678.562500 0.000001 0.000003 2.228003 0.000000 0.000000 0.000000 0.000000
330 533678.562500 0.000001 0.000003 2.228003 0.000000 0.000000 0.000000 0.000000
331 533678.562500 0.000001 0.000003 2.228004 0.000000 0.000000 0.000000 0.000000
332 533678.562500 0.000001 0.000003 2.228004 0.000000 0.000000 0.000000 0.000000
333 533678.562500 0.000001 0.000003 2.228004 0.000000 0.000000 0.000000 0.000000
334 533678.562500 0.000001 0.000003 2.228005 0.000000 0.000000 0.000000 0.000000
335 533678.562500 0.000001 0.000003 2.228005 0.000000 0.000000 0.000000 0.000000
336 533678.562500 0.000001 0.000003 2.228005 0.000000 0.000000 0.000000 0.000000
337 533678.562500 0.000001 0.000003 2.228005 0.000000 0.000000 0.000000 0.000000
338 533678.562500 0.000001 0.000002 2.228006 0.000000 0.000000 0.000000 0.000000
339 533678.562500 0.000001 0.000002 2.228006 0.000000 0.000000 0.000000 0.000000
340 533678.562500 0.000001 0.000002 2.228006 0.000000 0.000000 0.000000 0.000000
341 533678.562500 0.000001 0.000002 2.228007 0.000000 0.000000 0.000000 0.000000
342 533678.562500 0.000001 0.000002 2.228007 0.000000 0.000000 0.000000 0.000000
343 533678.562500 0.000001 0.000002 2.228007 0.000000 0.000000 0.000000 0.000000
344 533678.562500 0.000001 0.000002 2.228007 0.000000 0.000000 0.000000 0.000000
345 533678.562500 0.000001 0.000002 2.228008 0.000000 0.000000 0.000000 0.000000
346 533678.562500 0.000001 0.000002 2.228008 0.000000 0.000000 0.000000 0.000000
347 533678.562500 0.000001 0.000002 2.228008 0.000000 0.000000 0.000000 0.000000
348 533678.562500 0.000001 0.000002 2.228008 0.000000 0.000000 0.000000 0.000000
349 533678.562500 0.000001 0.000002 2.228008 0.000000 0.000000 0.000000 0.000000
350 533678.562500 0.000001 0.000002 2.228009 0.000000 0.000000 0.000000 0.000000
351 533678.562500 0.000001 0.000002 2.228009 0.000000 0.000000 0.000000 0.000000
352 533678.562500 0.000001 0.000001 2.228009 0.000000 0.000000 0.000000 0.000000
353 533678.562500 0.000001 0.000001 2.228009 0.000000 0.000000 0.000000 0.000000
354 533678.562500 0.000001 0.000001 2.228009 0.000000 0.000000 0.000000 0.000000
355 533678.562500 0.000000 0.000001 2.228010 0.000000 0.000000 0.000000 0.000000
356 533678.562500 0.000000 0.000001 2.228010 0.000000 0.000000 0.000000 0.000000
357 533678.562500 0.000000 0.000001 2.228010 0.000000 0.000000 0.000000 0.000000
358 533678.562500 0.000000 0.000001 2.228010 0.000000 0.000000 0.000000 0.000000
359 533678.562500 0.000000 0.000001 2.228010 0.000000 0.000000 0.000000 0.000000
360 533678.562500 0.000000 0.000001 2.228011 0.000000 0.000000 0.000000 0.000000
361 533678.562500 0.000000 0.000001 2.228011 0.000000 0.000000 0.000000 0.000000
362 533678.562500 0.000000 0.000001 2.228011 0.000000 0.000000 0.000000 0.000000
363 533678.562500 0.000000 0.000001 2.228011 0.000000 0.000000 0.000000 0.000000
364 533678.562500 0.000000 0.000001 2.228011 0.000000 0.000000 0.000000 0.000000
365 533678.562500 0.000000 0.000001 2.228011 0.000000 0.000000 0.000000 0.000000
366 533678.562500 0.000000 0.000001 2.228011 0.000000 0.000000 0.000000 0.000000
367 533678.562500 0.000000 0.000001 2.228011 0.000000 0.000000 0.000000 0.000000
368 533678.562500 0.000000 0.000001 2.228011 0.000000 0.000000 0.000000 0.000000
369 533678.562500 0.000000 0.000001 2.228011 0.000000 0.000000 0.000000 0.000000
370 533678.562500 0.000000 0.000001 2.228012 0.000000 0.000000 0.000000 0.000000
371 533678.562500 0.000000 0.000001 2.228012 0.000000 0.000000 0.000000 0.000000
372 533678.562500 0.000000 0.000001 2.228012 0.000000 0.000000 0.000000 0.000000
373 533678.562500 0.000000 0.000001 2.228012 0.000000 0.000000 0.000000 0.000000
374 533678.562500 0.000000 0.000001 2.228012 0.000000 0.000000 0.000000 0.000000
375 533678.562500 0.000000 0.000001 2.228012 0.000000 0.000000 0.000000 0.000000
376 533678.562500 0.000000 0.000001 2.228012 0.000000 0.000000 0.000000 0.000000
377 533678.562500 0.000000 0.000001 2.228012 0.000000 0.000000 0.000000 0.000000
378 533678.562500 0.000000 0.000001 2.228012 0.000000 0.000000 0.000000 0.000000
379 533678.562500 0.000000 0.000001 2.228012 0.000000 0.000000 0.000000 0.000000
380 533678.562500 0.000000 0.000001 2.228012 0.000000 0.000000 0.000000 0.000000
381 533678.562500 0.000000 0.000001 2.228012 0.000000 0.000000 0.000000 0.000000
382 533678.562500 0.000000 0.000000 2.228012 0.000000 0.000000 0.000000 0.000000
383 533678.562500 0.000000 0.000000 2.228012 0.000000 0.000000 0.000000 0.000000
384 533678.562500 0.000000 0.000000 2.228012 0.000000 0.000000 0.000000 0.000000
385 533678.562500 0.000000 0.000000 2.228012 0.000000 0.000000 0.000000 0.000000
386 533678.562500 0.000000 0.000000 2.228012 0.000000 0.000000 0.000000 0.000000
387 533678.562500 0.000000 0.000000 2.228012 0.000000 0.000000 0.000000 0.000000
388 533678.562500 0.000000 0.000000 2.228012 0.000000 0.000000 0.000000 0.000000
389 533678.562500 0.000000 0.000000 2.228012 0.000000 0.000000 0.000000 0.000000
390 533678.562500 0.000000 0.000000 2.228012 0.000000 0.000000 0.000000 0.000000
391 533678.562500 0.000000 0.000000 2.228012 0.000000 0.000000 0.000000 0.000000
392 533678.562500 0.000000 0.000000 2.228012 0.000000 0.000000 0.000000 0.000000
393 533678.562500 0.000000 0.000000 2.228012 0.000000 0.000000 0.000000 0.000000
394 533678.562500 0.000000 0.000000 2.228012 0.000000 0.000000 0.000000 0.000000
395 533678.562500 0.000000 0.000000 2.228012 0.000000 0.000000 0.000000 0.000000
396 533678.562500 0.000000 0.000000 2.228012 0.000000 0.000000 0.000000 0.000000
397 533678.562500 0.000000 0.000000 2.228012 0.000000 0.000000 0.000000 0.000000
398 533678.562500 0.000000 0.000000 2.228012 0.000000 0.000000 0.000000 0.000000
399 533678.562500 0.000000 0.000000 2.228012 0.000000 0.000000 0.000000 0.000000
400 533678.562500 0.000000 0.000000 2.228012 0.000000 0.000000 0.000000 0.000000
401 533678.562500 0.000000 0.000000 2.228012 0.000000 0.000000 0.000000 0.000000
402 533678.562500 0.000000 0.000000 2.228012 0.000000 0.000000 0.000000 0.000000
403 533678.562500 0.000000 0.000000 2.228012 0.000000 0.000000 0.000000 0.000000
404 533678.562500 0.000000 0.000000 2.228012 0.000000 0.000000 0.000000 0.000000
405 533678.562500 0.000000 0.000000 2.228012 0.000000 0.000000 0.000000 0.000000
406 533678.562500 0.000000 0.000000 2.228012 0.000000 0.000000 0.000000 0.000000
407 533678.562500 0.000000 0.000000 2.228012 0.000000 0.000000 0.000000 0.000000
408 533678.562500 0.000000 0.000000 2.228012 0.000000 0.000000 0.000000 0.000000
409 533678.562500 0.000000 0.000000 2.228012 0.000000 0.000000 0.000000 0.000000
410 533678.562500 0.000000 0.000000 2.228012 0.000000 0.000000 0.000000 0.000000
411 533678.562500 0.000000 0.000000 2.228012 0.000000 0.000000 0.000000 0.000000
412 533678.562500 0.000000 0.000000 2.228012 0.000000 0.000000 0.000000 0.000000
413 533678.562500 0.000000 0.000000 2.228012 0.000000 0.000000 0.000000 0.000000
414 533678.562500 0.000000 0.000000 2.228012 0.000000 0.000000 0.000000 0.000000
415 533678.562500 0.000000 0.000000 2.228012 0.000000 0.000000 0.000000 0.000000
416 533678.562500 0.000000 0.000000 2.228012 0.000000 0.000000 0.000000 0.000000
417 533678.562500 0.000000 0.000000 2.228012 0.000000 0.000000 0.000000 0.000000
418 533678.562500 0.000000 0.000000 2.228012 0.000000 0.000000 0.000000 0.000000
419 533678.562500 0.000000 0.000000 2.228012 0.000000 0.000000 0.000000 0.000000
420 533678.562500 0.000000 0.000000 2.228012 0.000000 0.000000 0.000000 0.000000
421 533678.562500 0.000000 0.000000 2.228012 0.000000 0.000000 0.000000 0.000000
422 533678.562500 0.000000 0.000000 2.228012 0.000000 0.000000 0.000000 0.000000
423 533678.562500 0.000000 0.000000 2.228012 0.000000 0.000000 0.000000 0.000000
424 533678.562500 0.000000 0.000000 2.228012 0.000000 0.000000 0.000000 0.000000
425 533678.562500 0.000000 0.000000 2.228012 0.000000 0.000000 0.000000 0.000000
426 533678.562500 0.000000 0.000000 2.228012 0.000000 0.000000 0.000000 0.000000
427 533678.562500 0.000000 0.000000 2.228012 0.000000 0.000000 0.000000 0.000000
428 533678.562500 0.000000 0.000000 2.228012 0.000000 0.000000 0.000000 0.000000
429 533678.562500 0.000000 0.000000 2.228012 0.000000 0.000000 0.000000 0.000000
430 533678.562500 0.000000 0.000000 2.228012 0.000000 0.000000 0.000000 0.000000
431 533678.562500 0.000000 0.000000 2.228012 0.000000 0.000000 0.000000 0.000000
432 533678.562500 0.000000 0.000000 2.228012 0.000000 0.000000 0.000000 0.000000
433 533678.562500 0.000000 0.000000 2.228012 0.000000 0.000000 0.000000 0.000000
434 533678.562500 0.000000 0.000000 2.228012 0.000000 0.000000 0.000000 0.000000
435 533678.562500 0.000000 0.000000 2.228012 0.000000 0.000000 0.000000 0.000000
436 533678.562500 0.000000 0.000000 2.228012 0.000000 0.000000 0.000000 0.000000
437 533678.562500 0.000000 0.000000 2.228012 0.000000 0.000000 0.000000 0.000000
438 533678.562500 0.000000 0.000000 2.228012 0.000000 0.000000 0.000000 0.000000
439 533678.562500 0.000000 0.000000 2.228012 0.000000 0.000000 0.000000 0.000000
440 533678.562500 0.000000 0.000000 2.228012 0.000000 0.000000 0.000000 0.000000
441 533678.562500 0.000000 0.000000 2.228012 0.000000 0.000000 0.000000 0.000000
442 533678.562500 0.000000 0.000000 2.228012 0.000000 0.000000 0.000000 0.000000
443 533678.562500 0.000000 0.000000 2.228012 0.000000 0.000000 0.000000 0.000000
444 533678.562500 0.000000 0.000000 2.228012 0.000000 0.000000 0.000000 0.000000
445 533678.562500 0.000000 0.000000 2.228012 0.000000 0.000000 0.000000 0.000000
446 533678.562500 0.000000 0.000000 2.228012 0.000000 0.000000 0.000000 0.000000
447 533678.562500 0.000000 0.000000 2.228012 0.000000 0.000000 0.000000 0.000000
448 533678.562500 0.000000 0.000000 2.228012 0.000000 0.000000 0.000000 0.000000
449 533678.562500 0.000000 0.000000 2.228012 0.000000 0.000000 0.000000 0.000000
450 533678.562500 0.000000 0.000000 2.228012 0.000000 0.000000 0.000000 0.000000
451 533678.562500 0.000000 0.000000 2.228012 0.000000 0.000000 0.000000 0.000000
452 533678.562500 0.000000 0.000000 2.228012 0.000000 0.000000 0.000000 0.000000
453 533678.562500 0.000000 0.000000 2.228012 0.000000 0.000000 0.000000 0.000000
454 533678.562500 0.000000 0.000000 2.228012 0.000000 0.000000 0.000000 0.000000
455 533678.562500 0.000000 0.000000 2.228012 0.000000 0.000000 0.000000 0.000000
456 533678.562500 0.000000 0.000000 2.228012 0.000000 0.000000 0.000000 0.000000
457 533678.562500 0.000000 0.000000 2.228012 0.000000 0.000000 0.000000 0.000000
458 533678.562500 0.000000 0.000000 2.228012 0.000000 0.000000 0.000000 0.000000
459 533678.562500 0.000000 0.000000 2.228012 0.000000 0.000000 0.000000 0.000000
460 533678.562500 0.000000 0.000000 2.228012 0.000000 0.000000 0.000000 0.000000
461 533678.562500 0.000000 0.000000 2.228012 0.000000 0.000000 0.000000 0.000000
462 533678.562500 0.000000 0.000000 2.228012 0.000000 0.000000 0.000000 0.000000
463 533678.562500 0.000000 0.000000 2.228012 0.000000 0.000000 0.000000 0.000000
464 533678.562500 0.000000 0.000000 2.228012 0.000000 0.000000 0.000000 0.000000
465 533678.562500 0.000000 0.000000 2.228012 0.000000 0.000000 0.000000 0.000000
466 533678.562500 0.000000 0.000000 2.228012 0.000000 0.000000 0.000000 0.000000
467 533678.562500 0.000000 0.000000 2.228012 0.000000 0.000000 0.000000 0.000000
468 533678.562500 0.000000 0.000000 2.228012 0.000000 0.000000 0.000000 0.000000
469 533678.562500 0.000000 0.000000 2.228012 0.000000 0.000000 0.000000 0.000000
470 533678.562500 0.000000 0.000000 2.228012 0.000000 0.000000 0.000000 0.000000
471 533678.562500 0.000000 0.000000 2.228012 0.000000 0.000000 0.000000 0.000000
472 533678.562500 0.000000 0.000000 2.228012 0.000000 0.000000 0.000000 0.000000
473 533678.562500 0.000000 0.000000 2.228012 0.000000 0.000000 0.000000 0.000000
474 533678.562500 0.000000 0.000000 2.228012 0.000000 0.000000 0.000000 0.000000
475 533678.562500 0.000000 0.000000 2.228012 0.000000 0.000000 0.000000 0.000000
476 533678.562500 0.000000 0.000000 2.228012 0.000000 0.000000 0.000000 0.000000
477 533678.562500 0.000000 0.000000 2.228012 0.000000 0.000000 0.000000 0.000000
478 533678.562500 0.000000 0.000000 2.228012 0.000000 0.000000 0.000000 0.000000
479 533678.562500 0.000000 0.000000 2.228012 0.000000 0.000000 0.000000 0.000000
480 533678.562500 0.000000 0.000000 2.228012 0.000000 0.000000 0.000000 0.000000
481 533678.562500 0.000000 0.000000 2.228012 0.000000 0.000000 0.000000 0.000000
482 533678.562500 0.000000 0.000000 2.228012 0.000000 0.000000 0.000000 0.000000
483 533678.562500 0.000000 0.000000 2.228012 0.000000 0.000000 0.000000 0.000000
484 533678.562500 0.000000 0.000000 2.228012 0.000000 0.000000 0.000000 0.000000
485 533678.562500 0.000000 0.000000 2.228012 0.000000 0.000000 0.000000 0.000000
486 533678.562500 0.000000 0.000000 2.228012 0.000000 0.000000 0.000000 0.000000
487 533678.562500 0.000000 0.000000 2.228012 0.000000 0.000000 0.000000 0.000000
488 533678.562500 0.000000 0.000000 2.228012 0.000000 0.000000 0.000000 0.000000
489 533678.562500 0.000000 0.000000 2.228012 0.000000 0.000000 0.000000 0.000000
490 533678.562500 0.000000 0.000000 2.228012 0.000000 0.000000 0.000000 0.000000
491 533678.562500 0.000000 0.000000 2.228012 0.000000 0.000000 0.000000 0.000000
492 533678.562500 0.000000 0.000000 2.228012 0.000000 0.000000 0.000000 0.000000
493 533678.562500 0.000000 0.000000 2.228012 0.000000 0.000000 0.000000 0.000000
494 533678.562500 0.000000 0.000000 2.228012 0.000000 0.000000 0.000000 0.000000
495 533678.562500 0.000000 0.000000 2.228012 0.000000 0.000000 0.000000 0.000000
496 533678.562500 0.000000 0.000000 2.228012 0.000000 0.000000 0.000000 0.000000
497 533678.562500 0.000000 0.000000 2.228012 0.000000 0.000000 0.000000 0.000000
498 533678.562500 0.000000 0.000000 2.228012 0.000000 0.000000 0.000000 0.000000
499 533678.562500 0.000000 0.000000 2.228012 0.000000 0.000000 0.000000 0.000000
500 533678.562500 0.000000 0.000000 2.228012 0.000000 0.000000 0.000000 0.000000
501 533678.562500 0.000000 0.000000 2.228012 0.000000 0.000000 0.000000 0.000000
502 533678.562500 0.000000 0.000000 2.228012 0.000000 0.000000 0.000000 0.000000
503 533678.562500 0.000000 0.000000 2.228012 0.000000 0.000000 0.000000 0.000000
504 533678.562500 0.000000 0.000000 2.228012 0.000000 0.000000 0.000000 0.000000
505 533678.562500 0.000000 0.000000 2.228012 0.000000 0.000000 0.000000 0.000000
506 533678.562500 0.000000 0.000000 2.228012 0.000000 0.000000 0.000000 0.000000
507 533678.562500 0.000000 0.000000 2.228012 0.000000 0.000000 0.000000 0.000000
508 533678.562500 0.000000 0.000000 2.228012 0.000000 0.000000 0.000000 0.000000
509 533678.562500 0.000000 0.000000 2.228012 0.000000 0.000000 0.000000 0.000000
510 533678.562500 0.000000 0.000000 2.228012 0.000000 0.000000 0.000000 0.000000
511 533678.562500 0.000000 0.000000 2.228012 0.000000 0.000000 0.000000 0.000000
512 533678.562500 0.000000 0.000000 2.228012 0.000000 0.000000 0.000000 0.000000
513 533678.562500 0.000000 0.000000 2.228012 0.000000 0.000000 0.000000 0.000000
514 533678.562500 0.000000 0.000000 2.228012 0.000000 0.000000 0.000000 0.000000
515 533678.562500 0.000000 0.000000 2.228012 0.000000 0.000000 0.000000 0.000000
516 533678.562500 0.000000 0.000000 2.228012 0.000000 0.000000 0.000000 0.000000
517 533678.562500 0.000000 0.000000 2.228012 0.000000 0.000000 0.000000 0.000000
518 533678.562500 0.000000 0.000000 2.228012 0.000000 0.000000 0.000000 0.000000
519 533678.562500 0.000000 0.000000 2.228012 0.000000 0.000000 0.000000 0.000000
520 533678.562500 0.000000 0.000000 2.228012 0.000000 0.000000 0.000000 0.000000
521 533678.562500 0.000000 0.000000 2.228012 0.000000 0.000000 0.000000 0.000000
522 533678.562500 0.000000 0.000000 2.228012 0.000000 0.000000 0.000000 0.000000
523 533678.562500 0.000000 0.000000 2.228012 0.000000 0.000000 0.000000 0.000000
524 533678.562500 0.000000 0.000000 2.228012 0.000000 0.000000 0.000000 0.000000
525 533678.562500 0.000000 0.000000 2.228012 0.000000 0.000000 0.000000 0.000000
526 533678.562500 0.000000 0.000000 2.228012 0.000000 0.000000 0.000000 0.000000
527 533678.562500 0.000000 0.000000 2.228012 0.000000 0.000000 0.000000 0.000000
528 533678.562500 0.000000 0.000000 2.228012 0.000000 0.000000 0.000000 0.000000
529 533678.562500 0.000000 0.000000 2.228012 0.000000 0.000000 0.000000 0.000000
530 533678.562500 0.000000 0.000000 2.228012 0.000000 0.000000 0.000000 0.000000
531 533678.562500 0.000000 0.000000 2.228012 0.000000 0.000000 0.000000 0.000000
532 533678.562500 0.000000 0.000000 2.228012 0.000000 0.000000 0.000000 0.000000
533 533678.562500 0.000000 0.000000 2.228012 0.000000 0.000000 0.000000 0.000000
534 533678.562500 0.000000 0.000000 2.228012 0.000000 0.000000 0.000000 0.000000
535 533678.562500 0.000000 0.000000 2.228012 0.000000 0.000000 0.000000 0.000000
536 533678.562500 0.000000 0.000000 2.228012 0.000000 0.000000 0.000000 0.000000
537 533678.562500 0.000000 0.000000 2.228012 0.000000 0.000000 0.000000 0.000000
538 533678.562500 0.000000 0.000000 2.228012 0.000000 0.000000 0.000000 0.000000
539 533678.562500 0.000000 0.000000 2.228012 0.000000 0.000000 0.000000 0.000000
540 533678.562500 0.000000 0.000000 2.228012 0.000000 0.000000 0.000000 0.000000
541 533678.562500 0.000000 0.000000 2.228012 0.000000 0.000000 0.000000 0.000000
542 533678.562500 0.000000 0.000000 2.228012 0.000000 0.000000 0.000000 0.000000
543 533678.562500 0.000000 0.000000 2.228012 0.000000 0.000000 0.000000 0.000000
544 533678.562500 0.000000 0.000000 2.228012 0.000000 0.000000 0.000000 0.000000
545 533678.562500 0.000000 0.000000 2.228012 0.000000 0.000000 0.000000 0.000000
546 533678.562500 0.000000 0.000000 2.228012 0.000000 0.000000 0.000000 0.000000
547 533678.562500 0.000000 0.000000 2.228012 0.000000 0.000000 0.000000 0.000000
548 533678.562500 0.000000 0.000000 2.228012 0.000000 0.000000 0.000000 0.000000
549 533678.562500 0.000000 0.000000 2.228012 0.000000 0.000000 0.000000 0.000000
550 533678.562500 0.000000 0.000000 2.228012 0.000000 0.000000 0.000000 0.000000
551 533678.562500 0.000000 0.000000 2.228012 0.000000 0.000000 0.000000 0.000000
552 533678.562500 0.000000 0.000000 2.228012 0.000000 0.000000 0.000000 0.000000
553 533678.562500 0.000000 0.000000 2.228012 0.000000 0.000000 0.000000 0.000000
554 533678.562500 0.000000 0.000000 2.228012 0.000000 0.000000 0.000000 0.000000
555 533678.562500 0.000000 0.000000 2.228012 0.000000 0.000000 0.000000 0.000000
556 533678.562500 0.000000 0.000000 2.228012 0.000000 0.000000 0.000000 0.000000
557 533678.562500 0.000000 0.000000 2.228012 0.000000 0.000000 0.000000 0.000000
558 533678.562500 0.000000 0.000000 2.228012 0.000000 0.000000 0.000000 0.000000
559 533678.562500 0.000000 0.000000 2.228012 0.000000 0.000000 0.000000 0.000000
560 533678.562500 0.000000 0.000000 2.228012 0.000000 0.000000 0.000000 0.000000
561 533678.562500 0.000000 0.000000 2.228012 0.000000 0.000000 0.000000 0.000000
562 533678.562500 0.000000 0.000000 2.228012 0.000000 0.000000 0.000000 0.000000
563 533678.562500 0.000000 0.000000 2.228012 0.000000 0.000000 0.000000 0.000000
564 533678.562500 0.000000 0.000000 2.228012 0.000000 0.000000 0.000000 0.000000
565 533678.562500 0.000000 0.000000 2.228012 0.000000 0.000000 0.000000 0.000000
566 533678.562500 0.000000 0.000000 2.228012 0.000000 0.000000 0.000000 0.000000
567 533678.562500 0.000000 0.000000 2.228012 0.000000 0.000000 0.000000 0.000000
568 533678.562500 0.000000 0.000000 2.228012 0.000000 0.000000 0.000000 0.000000
569 533678.562500 0.000000 0.000000 2.228012 0.000000 0.000000 0.000000 0.000000
570 533678.562500 0.000000 0.000000 2.228012 0.000000 0.000000 0.000000 0.000000
571 533678.562500 0.000000 0.000000 2.228012 0.000000 0.000000 0.000000 0.000000
572 533678.562500 0.000000 0.000000 2.228012 0.000000 0.000000 0.000000 0.000000
573 533678.562500 0.000000 0.000000 2.228012 0.000000 0.000000 0.000000 0.000000
574 533678.562500 0.000000 0.000000 2.228012 0.000000 0.000000 0.000000 0.000000
575 533678.562500 0.000000 0.000000 2.228012 0.000000 0.000000 0.000000 0.000000
576 533678.562500 0.000000 0.000000 2.228012 0.000000 0.000000 0.000000 0.000000
577 533678.562500 0.000000 0.000000 2.228012 0.000000 0.000000 0.000000 0.000000
578 533678.562500 0.000000 0.000000 2.228012 0.000000 0.000000 0.000000 0.000000
579 533678.562500 0.000000 0.000000 2.228012 0.000000 0.000000 0.000000 0.000000
580 533678.562500 0.000000 0.000000 2.228012 0.000000 0.000000 0.000000 0.000000
581 533678.562500 0.000000 0.000000 2.228012 0.000000 0.000000 0.000000 0.000000
582 533678.562500 0.000000 0.000000 2.228012 0.000000 0.000000 0.000000 0.000000
583 533678.562500 0.000000 0.000000 2.228012 0.000000 0.000000 0.000000 0.000000
584 533678.562500 0.000000 0.000000 2.228012 0.000000 0.000000 0.000000 0.000000
585 533678.562500 0.000000 0.000000 2.228012 0.000000 0.000000 0.000000 0.000000
586 533678.562500 0.000000 0.000000 2.228012 0.000000 0.000000 0.000000 0.000000
587 533678.562500 0.000000 0.000000 2.228012 0.000000 0.000000 0.000000 0.000000
588 533678.562500 0.000000 0.000000 2.228012 0.000000 0.000000 0.000000 0.000000
589 533678.562500 0.000000 0.000000 2.228012 0.000000 0.000000 0.000000 0.000000
590 533678.562500 0.000000 0.000000 2.228012 0.000000 0.000000 0.000000 0.000000
591 533678.562500 0.000000 0.000000 2.228012 0.000000 0.000000 0.000000 0.000000
592 533678.562500 0.000000 0.000000 2.228012 0.000000 0.000000 0.000000 0.000000
593 533678.562500 0.000000 0.000000 2.228012 0.000000 0.000000 0.000000 0.000000
594 533678.562500 0.000000 0.000000 2.228012 0.000000 0.000000 0.000000 0.000000
595 533678.562500 0.000000 0.000000 2.228012 0.000000 0.000000 0.000000 0.000000
596 533678.562500 0.000000 0.000000 2.228012 0.000000 0.000000 0.000000 0.000000
597 533678.562500 0.000000 0.000000 2.228012 0.000000 0.000000 0.000000 0.000000
598 533678.562500 0.000000 0.000000 2.228012 0.000000 0.000000 0.000000 0.000000
599 533678.562500 0.000000 0.000000 2.228012 0.000000 0.000000 0.000000 0.000000
600 533678.562500 0.000000 0.000000 2.228012 0.000000 0.000000 0.000000 0.000000
601 533678.562500 0.000000 0.000000 2.228012 0.000000 0.000000 0.000000 0.000000
602 533678.562500 0.000000 0.000000 2.228012 0.000000 0.000000 0.000000 0.000000
603 533678.562500 0.000000 0.000000 2.228012 0.000000 0.000000 0.000000 0.000000
604 533678.562500 0.000000 0.000000 2.228012 0.000000 0.000000 0.000000 0.000000
605 533678.562500 0.000000 0.000000 2.228012 0.000000 0.000000 0.000000 0.000000
606 533678.562500 0.000000 0.000000 2.228012 0.000000 0.000000 0.000000 0.000000
607 533678.562500 0.000000 0.000000 2.228012 0.000000 0.000000 0.000000 0.000000
608 533678.562500 0.000000 0.000000 2.228012 0.000000 0.000000 0.000000 0.000000
609 533678.562500 0.000000 0.000000 2.228012 0.000000 0.000000 0.000000 0.000000
610 533678.562500 0.000000 0.000000 2.228012 0.000000 0.000000 0.000000 0.000000
611 533678.562500 0.000000 0.000000 2.228012 0.000000 0.000000 0.000000 0.000000
612 533678.562500 0.000000 0.000000 2.228012 0.000000 0.000000 0.000000 0.000000
613 533678.562500 0.000000 0.000000 2.228012 0.000000 0.000000 0.000000 0.000000
614 533678.562500 0.000000 0.000000 2.228012 0.000000 0.000000 0.000000 0.000000
615 533678.562500 0.000000 0.000000 2.228012 0.000000 0.000000 0.000000 0.000000
616 533678.562500 0.000000 0.000000 2.228012 0.000000 0.000000 0.000000 0.000000
617 533678.562500 0.000000 0.000000 2.228012 0.000000 0.000000 0.000000 0.000000
618 533678.562500 0.000000 0.000000 2.228012 0.000000 0.000000 0.000000 0.000000
619 533678.562500 0.000000 0.000000 2.228012 0.000000 0.000000 0.000000 0.000000
620 533678.562500 0.000000 0.000000 2.228012 0.000000 0.000000 0.000000 0.000000
621 533678.562500 0.000000 0.000000 2.228012 0.000000 0.000000 0.000000 0.000000
622 533678.562500 0.000000 0.000000 2.228012 0.000000 0.000000 0.000000 0.000000
623 533678.562500 0.000000 0.000000 2.228012 0.000000 0.000000 0.000000 0.000000
624 533678.562500 0.000000 0.000000 2.228012 0.000000 0.000000 0.000000 0.000000
625 533678.562500 0.000000 0.000000 2.228012 0.000000 0.000000 0.000000 0.000000
626 533678.562500 0.000000 0.000000 2.228012 0.000000 0.000000 0.000000 0.000000
627 533678.562500 0.000000 0.000000 2.228012 0.000000 0.000000 0.000000 0.000000
628 533678.562500 0.000000 0.000000 2.228012 0.000000 0.000000 0.000000 0.000000
629 533678.562500 0.000000 0.000000 2.228012 0.000000 0.000000 0.000000 0.000000
630 533678.562500 0.000000 0.000000 2.228012 0.000000 0.000000 0.000000 0.000000
631 533678.562500 0.000000 0.000000 2.228012 0.000000 0.000000 0.000000 0.000000
632 533678.562500 0.000000 0.000000 2.228012 0.000000 0.000000 0.000000 0.000000
633 533678.562500 0.000000 0.000000 2.228012 0.000000 0.000000 0.000000 0.000000
634 533678.562500 0.000000 0.000000 2.228012 0.000000 0.000000 0.000000 0.000000
635 533678.562500 0.000000 0.000000 2.228012 0.000000 0.000000 0.000000 0.000000
636 533678.562500 0.000000 0.000000 2.228012 0.000000 0.000000 0.000000 0.000000
637 533678.562500 0.000000 0.000000 2.228012 0.000000 0.000000 0.000000 0.000000
638 533678.562500 0.000000 0.000000 2.228012 0.000000 0.000000 0.000000 0.000000
639 533678.562500 0.000000 0.000000 2.228012 0.000000 0.000000 0.000000 0.000000
640 533678.562500 0.000000 0.000000 2.228012 0.000000 0.000000 0.000000 0.000000
641 533678.562500 0.000000 0.000000 2.228012 0.000000 0.000000 0.000000 0.000000
642 533678.562500 0.000000 0.000000 2.228012 0.000000 0.000000 0.000000 0.000000
643 533678.562500 0.000000 0.000000 2.228012 0.000000 0.000000 0.000000 0.000000
644 533678.562500 0.000000 0.000000 2.228012 0.000000 0.000000 0.000000 0.000000
645 533678.562500 0.000000 0.000000 2.228012 0.000000 0.000000 0.000000 0.000000
646 533678.562500 0.000000 0.000000 2.228012 0.000000 0.000000 0.000000 0.000000
647 533678.562500 0.000000 0.000000 2.228012 0.000000 0.000000 0.000000 0.000000
648 533678.562500 0.000000 0.000000 2.228012 0.000000 0.000000 0.000000 0.000000
649 533678.562500 0.000000 0.000000 2.228012 0.000000 0.000000 0.000000 0.000000
650 533678.562500 0.000000 0.000000 2.228012 0.000000 0.000000 0.000000 0.000000
651 533678.562500 0.000000 0.000000 2.228012 0.000000 0.000000 0.000000 0.000000
652 533678.562500 0.000000 0.000000 2.228012 0.000000 0.000000 0.000000 0.000000
653 533678.562500 0.000000 0.000000 2.228012 0.000000 0.000000 0.000000 0.000000
654 533678.562500 0.000000 0.000000 2.228012 0.000000 0.000000 0.000000 0.000000
655 533678.562500 0.000000 0.000000 2.228012 0.000000 0.000000 0.000000 0.000000
656 533678.562500 0.000000 0.000000 2.228012 0.000000 0.000000 0.000000 0.000000
657 533678.562500 0.000000 0.000000 2.228012 0.000000 0.000000 0.000000 0.000000
658 533678.562500 0.000000 0.000000 2.228012 0.000000 0.000000 0.000000 0.000000
659 533678.562500 0.000000 0.000000 2.228012 0.000000 0.000000 0.000000 0.000000
660 533678.562500 0.000000 0.000000 2.228012 0.000000 0.000000 0.000000 0.000000
661 533678.562500 0.000000 0.000000 2.228012 0.000000 0.000000 0.000000 0.000000
662 533678.562500 0.000000 0.000000 2.228012 0.000000 0.000000 0.000000 0.000000
663 533678.562500 0.000000 0.000000 2.228012 0.000000 0.000000 0.000000 0.000000
664 533678.562500 0.000000 0.000000 2.228012 0.000000 0.000000 0.000000 0.000000
665 533678.562500 0.000000 0.000000 2.228012 0.000000 0.000000 0.000000 0.000000
666 533678.562500 0.000000 0.000000 2.228012 0.000000 0.000000 0.000000 0.000000
667 533678.562500 0.000000 0.000000 2.228012 0.000000 0.000000 0.000000 0.000000
668 533678.562500 0.000000 0.000000 2.228012 0.000000 0.000000 0.000000 0.000000
669 533678.562500 0.000000 0.000000 2.228012 0.000000 0.000000 0.000000 0.000000
670 533678.562500 0.000000 0.000000 2.228012 0.000000 0.000000 0.000000 0.000000
671 533678.562500 0.000000 0.000000 2.228012 0.000000 0.000000 0.000000 0.000000
672 533678.562500 0.000000 0.000000 2.228012 0.000000 0.000000 0.000000 0.000000
673 533678.562500 0.000000 0.000000 2.228012 0.000000 0.000000 0.000000 0.000000
674 533678.562500 0.000000 0.000000 2.228012 0.000000 0.000000 0.000000 0.000000
675 533678.562500 0.000000 0.000000 2.228012 0.000000 0.000000 0.000000 0.000000
676 533678.562500 0.000000 0.000000 2.228012 0.000000 0.000000 0.000000 0.000000
677 533678.562500 0.000000 0.000000 2.228012 0.000000 0.000000 0.000000 0.000000
678 533678.562500 0.000000 0.000000 2.228012 0.000000 0.000000 0.000000 0.000000
679 533678.562500 0.000000 0.000000 2.228012 0.000000 0.000000 0.000000 0.000000
680 533678.562500 0.000000 0.000000 2.228012 0.000000 0.000000 0.000000 0.000000
681 533678.562500 0.000000 0.000000 2.228012 0.000000 0.000000 0.000000 0.000000
682 533678.562500 0.000000 0.000000 2.228012 0.000000 0.000000 0.000000 0.000000
683 533678.562500 0.000000 0.000000 2.228012 0.000000 0.000000 0.000000 0.000000
684 533678.562500 0.000000 0.000000 2.228012 0.000000 0.000000 0.000000 0.000000
685 533678.562500 0.000000 0.000000 2.228012 0.000000 0.000000 0.000000 0.000000
686 533678.562500 0.000000 0.000000 2.228012 0.000000 0.000000 0.000000 0.000000
687 533678.562500 0.000000 0.000000 2.228012 0.000000 0.000000 0.000000 0.000000
688 533678.562500 0.000000 0.000000 2.228012 0.000000 0.000000 0.000000 0.000000
689 533678.562500 0.000000 0.000000 2.228012 0.000000 0.000000 0.000000 0.000000
690 533678.562500 0.000000 0.000000 2.228012 0.000000 0.000000 0.000000 0.000000
691 533678.562500 0.000000 0.000000 2.228012 0.000000 0.000000 0.000000 0.000000
692 533678.562500 0.000000 0.000000 2.228012 0.000000 0.000000 0.000000 0.000000
693 533678.562500 0.000000 0.000000 2.228012 0.000000 0.000000 0.000000 0.000000
694 533678.562500 0.000000 0.000000 2.228012 0.000000 0.000000 0.000000 0.000000
695 533678.562500 0.000000 0.000000 2.228012 0.000000 0.000000 0.000000 0.000000
696 533678.562500 0.000000 0.000000 2.228012 0.000000 0.000000 0.000000 0.000000
697 533678.562500 0.000000 0.000000 2.228012 0.000000 0.000000 0.000000 0.000000
698 533678.562500 0.000000 0.000000 2.228012 0.000000 0.000000 0.000000 0.000000
699 533678.562500 0.000000 0.000000 2.228012 0.000000 0.000000 0.000000 0.000000
700 533678.562500 0.000000 0.000000 2.228012 0.000000 0.000000 0.000000 0.000000
701 533678.562500 0.000000 0.000000 2.228012 0.000000 0.000000 0.000000 0.000000
702 533678.562500 0.000000 0.000000 2.228012 0.000000 0.000000 0.000000 0.000000
703 533678.562500 0.000000 0.000000 2.228012 0.000000 0.000000 0.000000 0.000000
704 533678.562500 0.000000 0.000000 2.228012 0.000000 0.000000 0.000000 0.000000
705 533678.562500 0.000000 0.000000 2.228012 0.000000 0.000000 0.000000 0.000000
706 533678.562500 0.000000 0.000000 2.228012 0.000000 0.000000 0.000000 0.000000
707 533678.562500 0.000000 0.000000 2.228012 0.000000 0.000000 0.000000 0.000000
708 533678.562500 0.000000 0.000000 2.228012 0.000000 0.000000 0.000000 0.000000
709 533678.562500 0.000000 0.000000 2.228012 0.000000 0.000000 0.000000 0.000000
710 533678.562500 0.000000 0.000000 2.228012 0.000000 0.000000 0.000000 0.000000
711 533678.562500 0.000000 0.000000 2.228012 0.000000 0.000000 0.000000 0.000000
712 533678.562500 0.000000 0.000000 2.228012 0.000000 0.000000 0.000000 0.000000
713 533678.562500 0.000000 0.000000 2.228012 0.000000 0.000000 0.000000 0.000000
714 533678.562500 0.000000 0.000000 2.228012 0.000000 0.000000 0.000000 0.000000
715 533678.562500 0.000000 0.000000 2.228012 0.000000 0.000000 0.000000 0.000000
716 533678.562500 0.000000 0.000000 2.228012 0.000000 0.000000 0.000000 0.000000
717 533678.562500 0.000000 0.000000 2.228012 0.000000 0.000000 0.000000 0.000000
718 533678.562500 0.000000 0.000000 2.228012 0.000000 0.000000 0.000000 0.000000
719 533678.562500 0.000000 0.000000 2.228012 0.000000 0.000000 0.000000 0.000000
720 533678.562500 0.000000 0.000000 2.228012 0.000000 0.000000 0.000000 0.000000
721 533678.562500 0.000000 0.000000 2.228012 0.000000 0.000000 0.000000 0.000000
722 533678.562500 0.000000 0.000000 2.228012 0.000000 0.000000 0.000000 0.000000
723 533678.562500 0.000000 0.000000 2.228012 0.000000 0.000000 0.000000 0.000000
724 533678.562500 0.000000 0.000000 2.228012 0.000000 0.000000 0.000000 0.000000
725 533678.562500 0.000000 0.000000 2.228012 0.000000 0.000000 0.000000 0.000000
726 533678.562500 0.000000 0.000000 2.228012 0.000000 0.000000 0.000000 0.000000
727 533678.562500 0.000000 0.000000 2.228012 0.000000 0.000000 0.000000 0.000000
728 533678.562500 0.000000 0.000000 2.228012 0.000000 0.000000 0.000000 0.000000
729 533678.562500 0.000000 0.000000 2.228012 0.000000 0.000000 0.000000 0.000000
730 533678.562500 0.000000 0.000000 2.228012 0.000000 0.000000 0.000000 0.000000
731 533678.562500 0.000000 0.000000 2.228012 0.000000 0.000000 0.000000 0.000000
732 533678.562500 0.000000 0.000000 2.228012 0.000000 0.000000 0.000000 0.000000
733 533678.562500 0.000000 0.000000 2.228012 0.000000 0.000000 0.000000 0.000000
734 533678.562500 0.000000 0.000000 2.228012 0.000000 0.000000 0.000000 0.000000
735 533678.562500 0.000000 0.000000 2.228012 0.000000 0.000000 0.000000 0.000000
736 533678.562500 0.000000 0.000000 2.228012 0.000000 0.000000 0.000000 0.000000
737 533678.562500 0.000000 0.000000 2.228012 0.000000 0.000000 0.000000 0.000000
738 533678.562500 0.000000 0.000000 2.228012 0.000000 0.000000 0.000000 0.000000
739 533678.562500 0.000000 0.000000 2.228012 0.000000 0.000000 0.000000 0.000000
740 533678.562500 0.000000 0.000000 2.228012 0.000000 0.000000 0.000000 0.000000
741 533678.562500 0.000000 0.000000 2.228012 0.000000 0.000000 0.000000 0.000000
742 533678.562500 0.000000 0.000000 2.228012 0.000000 0.000000 0.000000 0.000000
743 533678.562500 0.000000 0.000000 2.228012 0.000000 0.000000 0.000000 0.000000
744 533678.562500 0.000000 0.000000 2.228012 0.000000 0.000000 0.000000 0.000000
745 533678.562500 0.000000 0.000000 2.228012 0.000000 0.000000 0.000000 0.000000
746 533678.562500 0.000000 0.000000 2.228012 0.000000 0.000000 0.000000 0.000000
747 533678.562500 0.000000 0.000000 2.228012 0.000000 0.000000 0.000000 0.000000
748 533678.562500 0.000000 0.000000 2.228012 0.000000 0.000000 0.000000 0.000000
749 533678.562500 0.000000 0.000000 2.228012 0.000000 0.000000 0.000000 0.000000
750 533678.562500 0.000000 0.000000 2.228012 0.000000 0.000000 0.000000 0.000000
751 533678.562500 0.000000 0.000000 2.228012 0.000000 0.000000 0.000000 0.000000
752 533678.562500 0.000000 0.000000 2.228012 0.000000 0.000000 0.000000 0.000000
753 533678.562500 0.000000 0.000000 2.228012 0.000000 0.000000 0.000000 0.000000
754 533678.562500 0.000000 0.000000 2.228012 0.000000 0.000000 0.000000 0.000000
755 533678.562500 0.000000 0.000000 2.228012 0.000000 0.000000 0.000000 0.000000
756 533678.562500 0.000000 0.000000 2.228012 0.000000 0.000000 0.000000 0.000000
757 533678.562500 0.000000 0.000000 2.228012 0.000000 0.000000 0.000000 0.000000
758 533678.562500 0.000000 0.000000 2.228012 0.000000 0.000000 0.000000 0.000000
759 533678.562500 0.000000 0.000000 2.228012 0.000000 0.000000 0.000000 0.000000
760 533678.562500 0.000000 0.000000 2.228012 0.000000 0.000000 0.000000 0.000000
761 533678.562500 0.000000 0.000000 2.228012 0.000000 0.000000 0.000000 0.000000
762 533678.562500 0.000000 0.000000 2.228012 0.000000 0.000000 0.000000 0.000000
763 533678.562500 0.000000 0.000000 2.228012 0.000000 0.000000 0.000000 0.000000
764 533678.562500 0.000000 0.000000 2.228012 0.000000 0.000000 0.000000 0.000000
765 533678.562500 0.000000 0.000000 2.228012 0.000000 0.000000 0.000000 0.000000
766 533678.562500 0.000000 0.000000 2.228012 0.000000 0.000000 0.000000 0.000000
767 533678.562500 0.000000 0.000000 2.228012 0.000000 0.000000 0.000000 0.000000
768 533678.562500 0.000000 0.000000 2.228012 0.000000 0.000000 0.000000 0.000000
769 533678.562500 0.000000 0.000000 2.228012 0.000000 0.000000 0.000000 0.000000
770 533678.562500 0.000000 0.000000 2.228012 0.000000 0.000000 0.000000 0.000000
771 533678.562500 0.000000 0.000000 2.228012 0.000000 0.000000 0.000000 0.000000
772 533678.562500 0.000000 0.000000 2.228012 0.000000 0.000000 0.000000 0.000000
773 533678.562500 0.000000 0.000000 2.228012 0.000000 0.000000 0.000000 0.000000
774 533678.562500 0.000000 0.000000 2.228012 0.000000 0.000000 0.000000 0.000000
775 533678.562500 0.000000 0.000000 2.228012 0.000000 0.000000 0.000000 0.000000
776 533678.562500 0.000000 0.000000 2.228012 0.000000 0.000000 0.000000 0.000000
777 533678.562500 0.000000 0.000000 2.228012 0.000000 0.000000 0.000000 0.000000
778 533678.562500 0.000000 0.000000 2.228012 0.000000 0.000000 0.000000 0.000000
779 533678.562500 0.000000 0.000000 2.228012 0.000000 0.000000 0.000000 0.000000
780 533678.562500 0.000000 0.000000 2.228012 0.000000 0.000000 0.000000 0.000000
781 533678.562500 0.000000 0.000000 2.228012 0.000000 0.000000 0.000000 0.000000
782 533678.562500 0.000000 0.000000 2.228012 0.000000 0.000000 0.000000 0.000000
783 533678.562500 0.000000 0.000000 2.228012 0.000000 0.000000 0.000000 0.000000
784 533678.562500 0.000000 0.000000 2.228012 0.000000 0.000000 0.000000 0.000000
785 533678.562500 0.000000 0.000000 2.228012 0.000000 0.000000 0.000000 0.000000
786 533678.562500 0.000000 0.000000 2.228012 0.000000 0.000000 0.000000 0.000000
787 533678.562500 0.000000 0.000000 2.228012 0.000000 0.000000 0.000000 0.000000
788 533678.562500 0.000000 0.000000 2.228012 0.000000 0.000000 0.000000 0.000000
789 533678.562500 0.000000 0.000000 2.228012 0.000000 0.000000 0.000000 0.000000
790 533678.562500 0.000000 0.000000 2.228012 0.000000 0.000000 0.000000 0.000000
791 533678.562500 0.000000 0.000000 2.228012 0.000000 0.000000 0.000000 0.000000
792 533678.562500 0.000000 0.000000 2.228012 0.000000 0.000000 0.000000 0.000000
793 533678.562500 0.000000 0.000000 2.228012 0.000000 0.000000 0.000000 0.000000
794 533678.562500 0.000000 0.000000 2.228012 0.000000 0.000000 0.000000 0.000000
795 533678.562500 0.000000 0.000000 2.228012 0.000000 0.000000 0.000000 0.000000
796 533678.562500 0.000000 0.000000 2.228012 0.000000 0.000000 0.000000 0.000000
797 533678.562500 0.000000 0.000000 2.228012 0.000000 0.000000 0.000000 0.000000
798 533678.562500 0.000000 0.000000 2.228012 0.000000 0.000000 0.000000 0.000000
799 533678.562500 0.000000 0.000000 2.228012 0.000000 0.000000 0.000000 0.000000
800 533678.562500 0.000000 0.000000 2.228012 0.000000 0.000000 0.000000 0.000000
801 533678.562500 0.000000 0.000000 2.228012 0.000000 0.000000 0.000000 0.000000
802 533678.562500 0.000000 0.000000 2.228012 0.000000 0.000000 0.000000 0.000000
803 533678.562500 0.000000 0.000000 2.228012 0.000000 0.000000 0.000000 0.000000
804 533678.562500 0.000000 0.000000 2.228012 0.000000 0.000000 0.000000 0.000000
805 533678.562500 0.000000 0.000000 2.228012 0.000000 0.000000 0.000000 0.000000
806 533678.562500 0.000000 0.000000 2.228012 0.000000 0.000000 0.000000 0.000000
807 533678.562500 0.000000 0.000000 2.228012 0.000000 0.000000 0.000000 0.000000
808 533678.562500 0.000000 0.000000 2.228012 0.000000 0.000000 0.000000 0.000000
809 533678.562500 0.000000 0.000000 2.228012 0.000000 0.000000 0.000000 0.000000
810 533678.562500 0.000000 0.000000 2.228012 0.000000 0.000000 0.000000 0.000000
811 533678.562500 0.000000 0.000000 2.228012 0.000000 0.000000 0.000000 0.000000
812 533678.562500 0.000000 0.000000 2.228012 0.000000 0.000000 0.000000 0.000000
813 533678.562500 0.000000 0.000000 2.228012 0.000000 0.000000 0.000000 0.000000
814 533678.562500 0.000000 0.000000 2.228012 0.000000 0.000000 0.000000 0.000000
815 533678.562500 0.000000 0.000000 2.228012 0.000000 0.000000 0.000000 0.000000
816 533678.562500 0.000000 0.000000 2.228012 0.000000 0.000000 0.000000 0.000000
817 533678.562500 0.000000 0.000000 2.228012 0.000000 0.000000 0.000000 0.000000
818 533678.562500 0.000000 0.000000 2.228012 0.000000 0.000000 0.000000 0.000000
819 533678.562500 0.000000 0.000000 2.228012 0.000000 0.000000 0.000000 0.000000
820 533678.562500 0.000000 0.000000 2.228012 0.000000 0.000000 0.000000 0.000000
821 533678.562500 0.000000 0.000000 2.228012 0.000000 0.000000 0.000000 0.000000
822 533678.562500 0.000000 0.000000 2.228012 0.000000 0.000000 0.000000 0.000000
823 533678.562500 0.000000 0.000000 2.228012 0.000000 0.000000 0.000000 0.000000
824 533678.562500 0.000000 0.000000 2.228012 0.000000 0.000000 0.000000 0.000000
825 533678.562500 0.000000 0.000000 2.228012 0.000000 0.000000 0.000000 0.000000
826 533678.562500 0.000000 0.000000 2.228012 0.000000 0.000000 0.000000 0.000000
827 533678.562500 0.000000 0.000000 2.228012 0.000000 0.000000 0.000000 0.000000
828 533678.562500 0.000000 0.000000 2.228012 0.000000 0.000000 0.000000 0.000000
829 533678.562500 0.000000 0.000000 2.228012 0.000000 0.000000 0.000000 0.000000
830 533678.562500 0.000000 0.000000 2.228012 0.000000 0.000000 0.000000 0.000000
831 533678.562500 0.000000 0.000000 2.228012 0.000000 0.000000 0.000000 0.000000
832 533678.562500 0.000000 0.000000 2.228012 0.000000 0.000000 0.000000 0.000000
833 533678.562500 0.000000 0.000000 2.228012 0.000000 0.000000 0.000000 0.000000
834 533678.562500 0.000000 0.000000 2.228012 0.000000 0.000000 0.000000 0.000000
835 533678.562500 0.000000 0.000000 2.228012 0.000000 0.000000 0.000000 0.000000
836 533678.562500 0.000000 0.000000 2.228012 0.000000 0.000000 0.000000 0.000000
837 533678.562500 0.000000 0.000000 2.228012 0.000000 0.000000 0.000000 0.000000
838 533678.562500 0.000000 0.000000 2.228012 0.000000 0.000000 0.000000 0.000000
839 533678.562500 0.000000 0.000000 2.228012 0.000000 0.000000 0.000000 0.000000
840 533678.562500 0.000000 0.000000 2.228012 0.000000 0.000000 0.000000 0.000000
841 533678.562500 0.000000 0.000000 2.228012 0.000000 0.000000 0.000000 0.000000
842 533678.562500 0.000000 0.000000 2.228012 0.000000 0.000000 0.000000 0.000000
843 533678.562500 0.000000 0.000000 2.228012 0.000000 0.000000 0.000000 0.000000
844 533678.562500 0.000000 0.000000 2.228012 0.000000 0.000000 0.000000 0.000000
845 533678.562500 0.000000 0.000000 2.228012 0.000000 0.000000 0.000000 0.000000
846 533678.562500 0.000000 0.000000 2.228012 0.000000 0.000000 0.000000 0.000000
847 533678.562500 0.000000 0.000000 2.228012 0.000000 0.000000 0.000000 0.000000
848 533678.562500 0.000000 0.000000 2.228012 0.000000 0.000000 0.000000 0.000000
849 533678.562500 0.000000 0.000000 2.228012 0.000000 0.000000 0.000000 0.000000
850 533678.562500 0.000000 0.000000 2.228012 0.000000 0.000000 0.000000 0.000000
851 533678.562500 0.000000 0.000000 2.228012 0.000000 0.000000 0.000000 0.000000
852 533678.562500 0.000000 0.000000 2.228012 0.000000 0.000000 0.000000 0.000000
853 533678.562500 0.000000 0.000000 2.228012 0.000000 0.000000 0.000000 0.000000
854 533678.562500 0.000000 0.000000 2.228012 0.000000 0.000000 0.000000 0.000000
855 533678.562500 0.000000 0.000000 2.228012 0.000000 0.000000 0.000000 0.000000
856 533678.562500 0.000000 0.000000 2.228012 0.000000 0.000000 0.000000 0.000000
857 533678.562500 0.000000 0.000000 2.228012 0.000000 0.000000 0.000000 0.000000
858 533678.562500 0.000000 0.000000 2.228012 0.000000 0.000000 0.000000 0.000000
859 533678.562500 0.000000 0.000000 2.228012 0.000000 0.000000 0.000000 0.000000
860 533678.562500 0.000000 0.000000 2.228012 0.000000 0.000000 0.000000 0.000000
861 533678.562500 0.000000 0.000000 2.228012 0.000000 0.000000 0.000000 0.000000
862 533678.562500 0.000000 0.000000 2.228012 0.000000 0.000000 0.000000 0.000000
863 533678.562500 0.000000 0.000000 2.228012 0.000000 0.000000 0.000000 0.000000
864 533678.562500 0.000000 0.000000 2.228012 0.000000 0.000000 0.000000 0.000000
865 533678.562500 0.000000 0.000000 2.228012 0.000000 0.000000 0.000000 0.000000
866 533678.562500 0.000000 0.000000 2.228012 0.000000 0.000000 0.000000 0.000000
867 533678.562500 0.000000 0.000000 2.228012 0.000000 0.000000 0.000000 0.000000
868 533678.562500 0.000000 0.000000 2.228012 0.000000 0.000000 0.000000 0.000000
869 533678.562500 0.000000 0.000000 2.228012 0.000000 0.000000 0.000000 0.000000
870 533678.562500 0.000000 0.000000 2.228012 0.000000 0.000000 0.000000 0.000000
871 533678.562500 0.000000 0.000000 2.228012 0.000000 0.000000 0.000000 0.000000
872 533678.562500 0.000000 0.000000 2.228012 0.000000 0.000000 0.000000 0.000000
873 533678.562500 0.000000 0.000000 2.228012 0.000000 0.000000 0.000000 0.000000
874 533678.562500 0.000000 0.000000 2.228012 0.000000 0.000000 0.000000 0.000000
875 533678.562500 0.000000 0.000000 2.228012 0.000000 0.000000 0.000000 0.000000
876 533678.562500 0.000000 0.000000 2.228012 0.000000 0.000000 0.000000 0.000000
877 533678.562500 0.000000 0.000000 2.228012 0.000000 0.000000 0.000000 0.000000
878 533678.562500 0.000000 0.000000 2.228012 0.000000 0.000000 0.000000 0.000000
879 533678.562500 0.000000 0.000000 2.228012 0.000000 0.000000 0.000000 0.000000
880 533678.562500 0.000000 0.000000 2.228012 0.000000 0.000000 0.000000 0.000000
881 533678.562500 0.000000 0.000000 2.228012 0.000000 0.000000 0.000000 0.000000
882 533678.562500 0.000000 0.000000 2.228012 0.000000 0.000000 0.000000 0.000000
883 533678.562500 0.000000 0.000000 2.228012 0.000000 0.000000 0.000000 0.000000
884 533678.562500 0.000000 0.000000 2.228012 0.000000 0.000000 0.000000 0.000000
885 533678.562500 0.000000 0.000000 2.228012 0.000000 0.000000 0.000000 0.000000
886 533678.562500 0.000000 0.000000 2.228012 0.000000 0.000000 0.000000 0.000000
887 533678.562500 0.000000 0.000000 2.228012 0.000000 0.000000 0.000000 0.000000
888 533678.562500 0.000000 0.000000 2.228012 0.000000 0.000000 0.000000 0.000000
889 533678.562500 0.000000 0.000000 2.228012 0.000000 0.000000 0.000000 0.000000
890 533678.562500 0.000000 0.000000 2.228012 0.000000 0.000000 0.000000 0.000000
891 533678.562500 0.000000 0.000000 2.228012 0.000000 0.000000 0.000000 0.000000
892 533678.562500 0.000000 0.000000 2.228012 0.000000 0.000000 0.000000 0.000000
893 533678.562500 0.000000 0.000000 2.228012 0.000000 0.000000 0.000000 0.000000
894 533678.562500 0.000000 0.000000 2.228012 0.000000 0.000000 0.000000 0.000000
895 533678.562500 0.000000 0.000000 2.228012 0.000000 0.000000 0.000000 0.000000
896 533678.562500 0.000000 0.000000 2.228012 0.000000 0.000000 0.000000 0.000000
897 533678.562500 0.000000 0.000000 2.228012 0.000000 0.000000 0.000000 0.000000
898 533678.562500 0.000000 0.000000 2.228012 0.000000 0.000000 0.000000 0.000000
899 533678.562500 0.000000 0.000000 2.228012 0.000000 0.000000 0.000000 0.000000
900 533678.562500 0.000000 0.000000 2.228012 0.000000 0.000000 0.000000 0.000000
901 533678.562500 0.000000 0.000000 2.228012 0.000000 0.000000 0.000000 0.000000
902 533678.562500 0.000000 0.000000 2.228012 0.000000 0.000000 0.000000 0.000000
903 533678.562500 0.000000 0.000000 2.228012 0.000000 0.000000 0.000000 0.000000
904 533678.562500 0.000000 0.000000 2.228012 0.000000 0.000000 0.000000 0.000000
905 533678.562500 0.000000 0.000000 2.228012 0.000000 0.000000 0.000000 0.000000
906 533678.562500 0.000000 0.000000 2.228012 0.000000 0.000000 0.000000 0.000000
907 533678.562500 0.000000 0.000000 2.228012 0.000000 0.000000 0.000000 0.000000
908 533678.562500 0.000000 0.000000 2.228012 0.000000 0.000000 0.000000 0.000000
909 533678.562500 0.000000 0.000000 2.228012 0.000000 0.000000 0.000000 0.000000
910 533678.562500 0.000000 0.000000 2.228012 0.000000 0.000000 0.000000 0.000000
911 533678.562500 0.000000 0.000000 2.228012 0.000000 0.000000 0.000000 0.000000
912 533678.562500 0.000000 0.000000 2.228012 0.000000 0.000000 0.000000 0.000000
913 533678.562500 0.000000 0.000000 2.228012 0.000000 0.000000 0.000000 0.000000
914 533678.562500 0.000000 0.000000 2.228012 0.000000 0.000000 0.000000 0.000000
915 533678.562500 0.000000 0.000000 2.228012 0.000000 0.000000 0.000000 0.000000
916 533678.562500 0.000000 0.000000 2.228012 0.000000 0.000000 0.000000 0.000000
917 533678.562500 0.000000 0.000000 2.228012 0.000000 0.000000 0.000000 0.000000
918 533678.562500 0.000000 0.000000 2.228012 0.000000 0.000000 0.000000 0.000000
919 533678.562500 0.000000 0.000000 2.228012 0.000000 0.000000 0.000000 0.000000
920 533678.562500 0.000000 0.000000 2.228012 0.000000 0.000000 0.000000 0.000000
921 533678.562500 0.000000 0.000000 2.228012 0.000000 0.000000 0.000000 0.000000
922 533678.562500 0.000000 0.000000 2.228012 0.000000 0.000000 0.000000 0.000000
923 533678.562500 0.000000 0.000000 2.228012 0.000000 0.000000 0.000000 0.000000
924 533678.562500 0.000000 0.000000 2.228012 0.000000 0.000000 0.000000 0.000000
925 533678.562500 0.000000 0.000000 2.228012 0.000000 0.000000 0.000000 0.000000
926 533678.562500 0.000000 0.000000 2.228012 0.000000 0.000000 0.000000 0.000000
927 533678.562500 0.000000 0.000000 2.228012 0.000000 0.000000 0.000000 0.000000
928 533678.562500 0.000000 0.000000 2.228012 0.000000 0.000000 0.000000 0.000000
929 533678.562500 0.000000 0.000000 2.228012 0.000000 0.000000 0.000000 0.000000
930 533678.562500 0.000000 0.000000 2.228012 0.000000 0.000000 0.000000 0.000000
931 533678.562500 0.000000 0.000000 2.228012 0.000000 0.000000 0.000000 0.000000
932 533678.562500 0.000000 0.000000 2.228012 0.000000 0.000000 0.000000 0.000000
933 533678.562500 0.000000 0.000000 2.228012 0.000000 0.000000 0.000000 0.000000
934 533678.562500 0.000000 0.000000 2.228012 0.000000 0.000000 0.000000 0.000000
935 533678.562500 0.000000 0.000000 2.228012 0.000000 0.000000 0.000000 0.000000
936 533678.562500 0.000000 0.000000 2.228012 0.000000 0.000000 0.000000 0.000000
937 533678.562500 0.000000 0.000000 2.228012 0.000000 0.000000 0.000000 0.000000
938 533678.562500 0.000000 0.000000 2.228012 0.000000 0.000000 0.000000 0.000000
939 533678.562500 0.000000 0.000000 2.228012 0.000000 0.000000 0.000000 0.000000
940 533678.562500 0.000000 0.000000 2.228012 0.000000 0.000000 0.000000 0.000000
941 533678.562500 0.000000 0.000000 2.228012 0.000000 0.000000 0.000000 0.000000
942 533678.562500 0.000000 0.000000 2.228012 0.000000 0.000000 0.000000 0.000000
943 533678.562500 0.000000 0.000000 2.228012 0.000000 0.000000 0.000000 0.000000
944 533678.562500 0.000000 0.000000 2.228012 0.000000 0.000000 0.000000 0.000000
945 533678.562500 0.000000 0.000000 2.228012 0.000000 0.000000 0.000000 0.000000
946 533678.562500 0.000000 0.000000 2.228012 0.000000 0.000000 0.000000 0.000000
947 533678.562500 0.000000 0.000000 2.228012 0.000000 0.000000 0.000000 0.000000
948 533678.562500 0.000000 0.000000 2.228012 0.000000 0.000000 0.000000 0.000000
949 533678.562500 0.000000 0.000000 2.228012 0.000000 0.000000 0.000000 0.000000
950 533678.562500 0.000000 0.000000 2.228012 0.000000 0.000000 0.000000 0.000000
951 533678.562500 0.000000 0.000000 2.228012 0.000000 0.000000 0.000000 0.000000
952 533678.562500 0.000000 0.000000 2.228012 0.000000 0.000000 0.000000 0.000000
953 533678.562500 0.000000 0.000000 2.228012 0.000000 0.000000 0.000000 0.000000
954 533678.562500 0.000000 0.000000 2.228012 0.000000 0.000000 0.000000 0.000000
955 533678.562500 0.000000 0.000000 2.228012 0.000000 0.000000 0.000000 0.000000
956 533678.562500 0.000000 0.000000 2.228012 0.000000 0.000000 0.000000 0.000000
957 533678.562500 0.000000 0.000000 2.228012 0.000000 0.000000 0.000000 0.000000
958 533678.562500 0.000000 0.000000 2.228012 0.000000 0.000000 0.000000 0.000000
959 533678.562500 0.000000 0.000000 2.228012 0.000000 0.000000 0.000000 0.000000
960 533678.562500 0.000000 0.000000 2.228012 0.000000 0.000000 0.000000 0.000000
961 533678.562500 0.000000 0.000000 2.228012 0.000000 0.000000 0.000000 0.000000
962 533678.562500 0.000000 0.000000 2.228012 0.000000 0.000000 0.000000 0.000000
963 533678.562500 0.000000 0.000000 2.228012 0.000000 0.000000 0.000000 0.000000
964 533678.562500 0.000000 0.000000 2.228012 0.000000 0.000000 0.000000 0.000000
965 533678.562500 0.000000 0.000000 2.228012 0.000000 0.000000 0.000000 0.000000
966 533678.562500 0.000000 0.000000 2.228012 0.000000 0.000000 0.000000 0.000000
967 533678.562500 0.000000 0.000000 2.228012 0.000000 0.000000 0.000000 0.000000
968 533678.562500 0.000000 0.000000 2.228012 0.000000 0.000000 0.000000 0.000000
969 533678.562500 0.000000 0.000000 2.228012 0.000000 0.000000 0.000000 0.000000
970 533678.562500 0.000000 0.000000 2.228012 0.000000 0.000000 0.000000 0.000000
971 533678.562500 0.000000 0.000000 2.228012 0.000000 0.000000 0.000000 0.000000
972 533678.562500 0.000000 0.000000 2.228012 0.000000 0.000000 0.000000 0.000000
973 533678.562500 0.000000 0.000000 2.228012 0.000000 0.000000 0.000000 0.000000
974 533678.562500 0.000000 0.000000 2.228012 0.000000 0.000000 0.000000 0.000000
975 533678.562500 0.000000 0.000000 2.228012 0.000000 0.000000 0.000000 0.000000
976 533678.562500 0.000000 0.000000 2.228012 0.000000 0.000000 0.000000 0.000000
977 533678.562500 0.000000 0.000000 2.228012 0.000000 0.000000 0.000000 0.000000
978 533678.562500 0.000000 0.000000 2.228012 0.000000 0.000000 0.000000 0.000000
979 533678.562500 0.000000 0.000000 2.228012 0.000000 0.000000 0.000000 0.000000
980 533678.562500 0.000000 0.000000 2.228012 0.000000 0.000000 0.000000 0.000000
981 533678.562500 0.000000 0.000000 2.228012 0.000000 0.000000 0.000000 0.000000
982 533678.562500 0.000000 0.000000 2.228012 0.000000 0.000000 0.000000 0.000000
983 533678.562500 0.000000 0.000000 2.228012 0.000000 0.000000 0.000000 0.000000
984 533678.562500 0.000000 0.000000 2.228012 0.000000 0.000000 0.000000 0.000000
985 533678.562500 0.000000 0.000000 2.228012 0.000000 0.000000 0.000000 0.000000
986 533678.562500 0.000000 0.000000 2.228012 0.000000 0.000000 0.000000 0.000000
987 533678.562500 0.000000 0.000000 2.228012 0.000000 0.000000 0.000000 0.000000
988 533678.562500 0.000000 0.000000 2.228012 0.000000 0.000000 0.000000 0.000000
989 533678.562500 0.000000 0.000000 2.228012 0.000000 0.000000 0.000000 0.000000
990 533678.562500 0.000000 0.000000 2.228012 0.000000 0.000000 0.000000 0.000000
991 533678.562500 0.000000 0.000000 2.228012 0.000000 0.000000 0.000000 0.000000
992 533678.562500 0.000000 0.000000 2.228012 0.000000 0.000000 0.000000 0.000000
993 533678.562500 0.000000 0.000000 2.228012 0.000000 0.000000 0.000000 0.000000
994 533678.562500 0.000000 0.000000 2.228012 0.000000 0.000000 0.000000 0.000000
995 533678.562500 0.000000 0.000000 2.228012 0.000000 0.000000 0.000000 0.000000
996 533678.562500 0.000000 0.000000 2.228012 0.000000 0.000000 0.000000 0.000000
997 533678.562500 0.000000 0.000000 2.228012 0.000000 0.000000 0.000000 0.000000
998 533678.562500 0.000000 0.000000 2.228012 0.000000 0.000000 0.000000 0.000000
999 533678.562500 0.000000 0.000000 2.228012 0.000000 0.000000 0.000000 0.000000
Imax1: 0.889000
Hmax1: 0.000000


